5722
8374
544
4752
4401
747
1311
6160
3770
9029
7558
3107
3178
1255
2974
3155
3118
8695
2654
8224
2624
8414
6143
2251
140
6988
4128
4867
5865
2023
556
4475
6861
8505
8147
8827
9363
4637
4774
1464
9455
7630
8736
9506
3849
627
866
720
5338
8221
2008
8531
6554
9840
4520
2626
659
5507
9587
9554
4313
7158
4124
1032
6216
2823
2345
8992
2039
6905
9236
6053
1858
2949
7654
5398
6427
4758
9616
2345
9255
8028
4160
3880
9910
3075
4753
1320
5520
1493
4716
4547
2101
2737
3886
1085
963
4646
1489
1740
3666
6283
9720
2146
6032
8902
912
1778
203
7192
8281
864
1148
8160
4440
4025
8784
4803
8748
8456
6381
8113
973
7191
2296
6584
5513
8238
9850
6763
9159
3221
9462
3740
9570
258
1815
1053
2753
4307
216
7481
9440
6714
9161
3421
7460
3489
5399
6720
6954
4582
9424
3941
1146
5597
1497
8394
8861
1740
2554
7476
9808
9316
5620
8770
3095
478
3230
466
1536
2080
447
3380
8109
8295
4961
6939
7021
3216
9688
7365
7628
9005
7344
3605
4072
3838
8460
6353
3458
7248
930
754
9116
3578
5067
4807
5300
989
468
3198
5408
9984
4559
8295
635
8674
1113
779
5537
1264
8014
3148
2138
1064
396
1432
8156
949
9709
3797
3277
713
9595
3494
1616
2987
1332
6312
221
3551
3751
5724
8059
9646
3650
5853
2324
5284
2784
1134
3657
9985
1584
8346
7086
7101
6112
6313
1035
3748
2725
8090
5470
4601
6756
6524
5168
2317
1097
3172
2752
881
9563
5246
945
9782
7100
3372
2148
606
9559
9903
8537
2507
6383
5050
7917
9315
5512
5160
5433
3896
2242
8616
6610
3644
3326
3650
582
3348
6568
6594
3695
5719
9340
7248
1311
9705
5129
7347
3415
1090
8780
738
9729
2449
5519
1379
3934
9650
7176
9356
2991
2862
9293
3307
3512
5401
9980
9283
9816
5762
566
3548
6825
8581
6330
3794
756
4760
833
7969
7463
4184
2605
5535
8396
5665
7112
3636
1165
5766
5502
7946
5230
9224
2712
7719
9361
8521
2035
1541
3552
5397
5806
6294
7972
9033
5445
5434
3328
266
3030
352
7850
8241
8358
5443
7713
4485
8965
5694
2104
5962
5565
4686
8631
3580
6609
5261
867
9728
1478
5293
1925
311
255
3288
1871
7330
1088
7649
1343
6165
7136
7636
3914
7758
2995
5566
1451
4844
4269
8465
2680
3960
6003
7410
9293
2561
5747
1808
2819
778
4970
9783
1325
9889
3458
6186
4573
9331
180
3053
9692
2555
7916
9613
9354
7441
390
7305
3871
1491
7885
7890
5141
7078
2497
5169
3111
593
6352
1399
9941
3292
9981
5315
6321
3334
4226
9045
8628
7150
2151
4940
1470
8199
9184
9186
3995
6697
2827
7627
2756
9649
4550
6279
7317
3118
7035
6818
4509
8223
7595
8838
3445
2686
983
1217
6603
8778
7359
9858
1581
162
2953
1909
5818
3002
5747
615
5362
2090
4546
9768
2958
284
5607
649
2389
4875
5205
6646
7932
2040
5025
8143
1283
7948
7615
9442
1276
6831
7634
9999
3623
2812
8923
244
9541
1354
4303
3719
226
392
258
761
7545
9024
6618
7185
6963
7162
9600
7933
515
8484
6500
2876
9078
7406
9705
6854
4271
1458
6063
7432
9604
1037
1334
5943
2586
6648
4901
9350
3442
9363
9129
6645
9013
7393
8544
8620
4625
4579
7791
8294
5968
4974
735
4921
5490
9760
9060
3152
5124
860
7505
5332
2573
7827
5857
7857
9763
7310
9673
1186
8622
1763
5421
4341
1450
6536
9065
6614
6189
6367
3085
4282
5237
7279
5742
8271
3759
5267
9341
6937
2237
2062
5033
9836
5970
1924
5207
8598
9344
4211
762
5679
4157
7994
496
3221
2955
1639
7618
9160
2241
4600
8025
5525
9496
2580
5295
8108
1608
9078
7833
1128
5346
8852
3469
6565
2803
9071
4018
5085
3249
2977
3073
5155
2522
8036
2944
3052
8960
3783
2867
7186
262
9541
8075
4524
3312
6322
2932
9903
7272
8299
8214
4699
8737
6512
7539
1143
1129
3199
2157
1158
7912
6466
6890
3882
3943
6844
6533
3123
9812
4245
5777
1013
7152
6102
2713
9202
7812
8218
1859
682
8463
7112
6942
5952
6619
6617
2647
1598
6469
2033
908
2135
2048
5255
8314
4783
7210
3021
973
5090
202
1153
2330
9639
5887
7557
8789
8201
7197
7964
7815
7535
1652
5377
2983
6712
2299
5640
3590
5620
4871
682
7765
5536
1390
1672
4810
6941
6222
4424
2115
7393
4557
3208
1521
3805
8570
943
1624
1538
5247
167
9870
6268
8166
4667
6967
7873
3695
150
3427
7874
4088
8585
3294
8816
3542
3695
9106
3570
289
970
857
2918
3360
1490
8976
238
9699
2912
2160
2597
4409
2918
5641
8966
5987
3548
7199
1059
2248
5291
6262
4362
2343
3325
9935
843
1777
2023
9470
4864
5658
790
1263
160
5270
9687
5806
9200
521
9141
8366
4513
8564
3221
7545
3677
4646
8337
529
4738
1416
5912
9725
6254
2237
6176
1851
6431
5342
7216
6149
5295
2314
5303
6021
1368
5715
2579
9074
6191
1823
2657
7075
6294
6425
4287
4877
707
8429
6782
5351
2770
5069
5844
6543
8804
2058
1901
6708
7395
5077
8246
873
8468
5941
522
2610
7917
5492
1655
819
5493
1128
9994
7050
7779
9110
9989
7512
4128
4101
5702
2883
7442
2700
4296
1221
7269
7581
199
3801
2865
2143
5693
7289
7211
6805
9366
105
5396
4040
6583
2401
5216
7244
7685
785
2529
3555
171
2961
1161
6428
9681
7215
7631
2513
9689
9003
9170
2028
5552
1341
3033
6527
3774
7565
8715
7497
5617
4084
710
2869
6654
4486
393
3737
6135
7215
4246
9403
1131
4049
9284
5682
9340
6340
6802
4515
749
4957
9578
6562
3659
4206
6824
3183
7818
5074
6652
880
3382
3260
322
9558
3779
2796
3344
5762
4148
5812
5108
5828
9211
7013
5154
7545
5075
7857
4407
9977
2162
7782
1229
1901
3531