23742
956210
915393
733053
969740
762471
332852
863148
589338
417015
866404
33621
573960
611585
719295
996864
313830
907473
275784
870140
289111
54474
353298
988958
653368
295976
193270
135199
907058
943341
334615
833119
351177
808437
911401
246291
106575
114814
594995
991493
338436
755619
46601
191453
592344
965452
297980
943565
291186
762229
266873
788565
329655
636263
593837
329057
229572
5371
91405
994299
115386
579406
937326
942004
979404
561408
305364
91802
679251
618529
232629
276410
613694
77668
928868
224856
371172
100489
998464
966155
702295
423682
4727
562067
174944
525394
672028
144960
976670
254505
551696
65618
901654
454374
237506
708482
639859
908051
732308
838669
745112
439091
447121
756039
108895
485755
31596
989160
887150
524507
10661
229378
479872
952074
972154
400129
181357
289172
122696
403963
311378
153020
407835
147573
628998
213911
203927
779720
600632
229691
377615
718130
635559
961361
119015
952548
851682
478791
635091
407742
136335
251885
628830
852070
345408
388986
971298
7489
693897
748018
755806
874659
534913
795143
245257
892823
384569
295930
187457
811642
185934
249626
284670
919701
241781
71054
229393
846034
862108
752366
379095
474187
587229
731751
881569
644673
347135
133649
511359
377441
282368
255502
576494
578428
369017
94520
39815
138940
192068
199103
125751
11184
927126
413071
287599
918043
868084
102851
696744
136733
26732
167228
351352
872498
455592
258751
425272
650418
317642
719235
709406
325660
414497
504910
761003
76569
812948
372185
532897
676920
863407
227179
119726
550841
525519
947175
414661
296002
309565
279572
40354
570448
586910
379038
302789
706447
722758
611540
609296
112076
132168
127985
997044
110344
299356
393141
829421
153119
831944
92656
944665
791969
52159
398592
735450
305827
188285
673228
838223
685602
198799
447936
297841
155612
446991
647508
834026
762229
666480
343425
35898
295169
46659
644867
41303
15657
897234
684307
336790
406873
694892
558573
512814
428808
560735
821620
26392
831015
606300
149871
379631
132366
617461
134618
150369
988263
558729
284382
909785
678754
772877
91528
553402
212347
445215
880969
308772
29994
90727
767545
719367
148445
8957
574046
672512
848217
625421
944954
920979
562513
259446
905791
97164
573358
824477
949919
849980
410679
567630
173736
878975
447470
888107
572717
421133
82058
486336
488834
875816
431242
820784
68432
446693
211177
389235
737930
293966
115984
373537
695533
365039
540065
577774
600589
416465
520677
183914
244052
975010
155723
830990
941485
677813
54367
478645
409059
291156
500887
649689
790643
97462
62780
694587
548558
969201
38492
414290
128707
951243
313371
502315
607654
272112
916050
852726
223564
523264
869741
584879
254877
304323
290735
684274
173793
748986
810665
953034
164013
965773
168656
815946
734052
873800
557399
722450
221965
826411
45532
282743
684791
321894
192796
360927
480440
387357
456596
914058
268575
331139
687614
300823
993750
25361
273288
237777
366580
56297
169787
563393
280687
964161
734356
164764
244267
847122
33681
101332
911604
343761
859237
68885
57057
294745
589414
116560
656898
642732
461542
981491
239795
445753
436620
89691
688069
503501
744885
153166
423048
837209
715695
419662
124051
64340
981654
101437
113451
72148
525461
449153
691765
216562
232176
409344
135566
939125
553477
795201
921880
858837
239740
151436
846354
619245
869142
120941
560273
266698
493937
247533
590761
248024
378000
166902
260960
192455
162748
116882
543724
16801
234775
975377
562717
790241
560440
481429
744753
657912
719678
838619
452254
456506
343138
101041
918799
102741
813901
86236
416610
375494
216788
356287
655431
566944
52755
784052
235141
951133
93218
593978
746012
670556
124195
940166
349150
767633
568305
980019
358047
297320
746520
96534
754819
448469
779119
788353
828434
450088
759953
41991
498539
551605
810341
63661
547477
669418
674670
538849
622921
83582
353082
256112
470461
275436
802156
596882
233555
538502
985757
344411
32608
609580
950075
483343
473517
89786
693405
748295
978807
933588
475537
629548
470423
547832
300624
660792
903656
890080
598310
494501
891938
661693
922194
743407
379311
174682
546866
294519
350868
241937
13854
348892
419094
727752
12184
501337
345445
268417
74314
348436
833556
719738
363286
898778
341540
786906
779069
845495
284292
272939
232071
413979
679647
314644
26065
99905
462863
661562
247503
169936
337623
703543
177253
922616
652473
918337
222831
911729
263474
519679
38214
698551
732674
604721
989640
630820
105731
354322
910032
992545
677749
656671
487826
20109
173351
938305
804711
768110
2638
717628
758394
242571
242254
633741
396481
910952
909858
149634
3619
561399
58273
715542
395884
29911
265211
611409
857848
13724
275334
141954
697331
232449
849167
166898
625581
497940
316319
77881
195894
847668
599121
311412
163612
423179
380125
737531
243943
610063
187763
196373
584633
5821
878279
915409
779307
319251
592315
967190
441282
693114
671874
403528
376278
8039
827748
747251
966805
204052
435231
671898
951675
619474
491435
134206
289341
164282
421420
797765
210891
636880
904143
363722
489710
485054
711224
357692
749912
774569
46893
694546
208866
457878
562984
563336
846502
420029
2981
316974
167289
147714
485645
24709
943447
761728
810449
497560
590125
283393
770028
769521
640210
713358
604851
776289
863908
440557
45770
931937
739227
976279
903657
444775
327972
641906
766001
570095
378661
629545
461902
486371
492592
506128
939770
502722
762607
155416
204695
936487
562014
692872
151149
565726
302683
993437
769137
890501
933669
46210
378592
3575
813295
575639
38622
904626
154491
234923
828832
587275
391067
589772
716619
837108
461646
567276
637286
511209
780050
163367
664278
437061
901584
164849
900452
764932
142964
542128
986781
857343
189895
105411
603807
785301
945312
843913
643976
118454
222949
205489
685725
946195
399371
180008
46403
300991
946540
82020
847564
903775
151507
680635
901094
524371
503253
534805
170259
343602
222291
169734
22565
923705
106139
753221
750166
985497
487665
340507
160552
352906
670158
892325
934534
279462
743220
748111
889555
414313
697390
657459
522738
48619
854980
964010
405194
919812
610999
184646
967126
37860
109225
566747
580624
902479
463603
224062
903259
49535
649158
713792
133525
291456
733895
10863
791912
876024
56957
255939
356283
481581
331162
991403
114828
933762
148597
176859
212509
327464
210006
320271
999379
653762
186853
83233
106242
641017
821877
54447
627143
820763
641550
84514
296084
639410
393459
899163
821910
618806
747704
162571
347028
779889
708900
966211
15257
268234
96435
520896
362558
844478
655384
215371
258620
979517
617500
157522
565451
300154
611274
683666
796851
84236
905780
453511
419398
721080
696701
167933
156738
307233
459506
493520
543922
688831
794237
598377
371141
80616
870420
262139
451166
105499
616879
658978
21359
343952
428922
686731
698683
207725
787068
163564
258042
817021
639249
72725
977919
920563
767747
39500
662259
24609
705735
324401
611060
902247
165537
211778
632779
830227
227280
836356
951773
419678
578847
820542
690889
853898
182994
908841
674629
5693
29800
972168
809
685794
992795
798691
120979
142582
97384
475421
197688
633719
58714
572539
852058
360681
505916
608445
464261
374553
566083
365715
893502
192855
482260
927618
642098
402323
323604
31491
48652
782350
408296
180528
420372
450951
340044
647191
842372
285169
198599
896724
885881
398202
16928
341314
154887
977643
817372
331711
78207
735631
633487
449064
974238
999915
203588
952433
303457
46959
33123
15631
102965
304655
785483
609980
827055
993472
764024
448961
255824
809784
184801
868180
872758
465304
301148
586435
697433
674171
164788
416736
359549
750148
321937
789139
795509
612539
416119
133299
231142
790709
163828
160435
23918
318979
246146
661265
495570
952201
203482
993896
123690
660610
490488
939820
967739
887492
142771
448849
35366
138625
950385
618995
935389
168463
228882
437099
22936
630409
875922
978915
771305
956416
138592
732071
707632
732844
40811
502122
343948
315492
476982
624024
224936
125550
47793
918802
839901
814591
262825
314263
49119
47134
913487
749213
129763
286610
799419
913896
936975
976387
106328
851533
867967
780471
849279
771437
185354
271696
470993
346067
829520
452754
61495
138416
630944
415247
496266
236019
405581
555970
556514
144887
229189
629958
76854
445327
57340
589723
585034
194070
834930
71296
25146
508503
481618
197071
487225
733559
640636
551639
553496
195196
905403
396842
525378
299305
991122
196851
382169
560626
226189
802255
47857
806030
181674
732819
469771
525379
552273
683024
544690
331182
163727
93970
982801
848914
973857
683077
292709
899214
120220
348759
145156
541773
549710
289151
94664
528
869996
724065
785203
285133
75446
647880
259055
279432
646856
321573
592326
34821
753382
608367
992074
484262
278469
173351
365385
419765
354279
794416
50379
170110
953351
90805
932077
718351
564389
160473
134885
906946
142458
136481
166115
746492
119334
111299
811448
340891
278394
693742
114726
742372
820254
560354
177258
95947
902645
798369
744381
949768
233990
428132
159253
28215
22171
481570
878411
214324
692724
559013
772587
164376
879151
941270
574710
884914
736539
390994
323769
378240
938457
916175
633872
774942
88598
936303
661233
449395
341182
181612
241743
390388
141583
318818
741339
994344
728234
54914
340600
113919
507807
670051
873546
816603
573189
250700
46466
477535
174558
271781
741341
821078
495737
712760
969010
398980
561021
954776
256581
264601
147300
342959
31417
303615
670980
573977
714014
340457
124687
600857
59241
552267
583526
142190
959037
122035
722898
770508
559577
379126
872596
636766
795894
997827
323256
971682
368732
483119
608278
660788
903362
654985
161632
207983
783900
789019
257053
475472
875075
65954
620341
63975
418375
922818
541200
693899
952344
452707
43997
665293
817251
105332
902677
282545
967096
955461
262456
625065
69371
562613
635912
117372
216383
52669
151410
218705
298401
38373
292374
203698
85588
588698
393491
752431
801798
445171
869652
661543
287619
282791
122012
908247
30588
81743
220071
308777
552307
896951
369907
513371
270884
194829
400311
811325
440480
117906
374815
310579
611559
272377
687494
838002
363460
246730
20043
173787
334191
826993
922419
801916
501765
882297
858387
752855
774573
968012
473937
793495
518772
536680
199319
819698
904316
453338
171761
498616
105605
334854
965256
975051
273727
244233
188979
203836
626446
74936
404102
548487
379255
848694
263946
371638
276078
970827
846145
489174
486245
978472
762618
894960
222112
90033
419005
992096
284171
862238
374448
440951
13776
255035
2832
439862
745309
500748
229549
212598
775383
599756
433840
279141
631533
693366
677957
213014
92658
899957
780641
999605
897663
338027
622750
125331
533428
169476
83997
783007
497673
850876
424421
80507
888412
264895
846660
816193
745419
368120
780930
710123
252465
678508
250966
492517
289723
829019
531873
27490
951096
852082
213054
462873
66327
695968
756994
417513
454030
483562
291009
67552
252393
221176
936619
647601
730558
154826
129465
698612
612241
930977
501760
503610
223887
435287
812159
472998
477665
904068
43836
921067
191956
814865
241459
902532
335021
717231
668963
809015
194711
640228
111836
669743
172777
28157
125193
753188
298310
299056
626526
649025
299081
17567
383853
408367
945597
714334
354070
977063
210053
850899
755293
737494
882046
973168
19296
443400
262403
909211
772782
174519
56671
297325
231226
622422
547123
383561
773905
768226
804425
952003
626917
391760
36912
920668
953375
273218
818731
127048
20455
802734
354128
539307
614795
530036
482899
332121
865464
476279
324563
448638
689373
574943
966827
422874
668961
604064
242797
65040
415831
918587
128324
983058
4486
35373
201769
962702
654972
999507
369100
298390
505418
260764
37982
505155
260579
109967
296921
591442
99896
319792
316547
899977
470861
186194
436560
540546
524609
614302
754800
351649
437738
924707
865765
704855
311639
245334
415752
163947
310708
584424
690210
850449
90368
23419
61381
954978
72014
325756
562348
698196
881441
260760
616573
128084
607864
921973
355586
236514
581730
388424
915310
682413
38645
637478
706272
128750
777872
319682
35046
449269
921959
331241
47836
339715
927072
647338
401968
543596
930848
172259
538077
931557
466487
832337
889777
676936
963440
488514
491242
526938
954395
658146
44393
710586
770502
202183
453896
65522
979939
997620
788274
834346
462982
83292
53690
165895
340359
691441
172141
224260
961642
813861
376680
914329
90074
757247
895473
277943
783064
488372
159589
637862
125088
269024
438157
304566
678979
990797
678188
411096
20950
183938
747598
422491
874474
519568
301763
76351
777106
822624
954299
746631
996993
998861
40220
637349
267966
313221
228566
765118
649105
573817
456033
819044
185253
327618
798976
986536
839231
485248
888768
334795
611920
590436
156735
256231
276154
86565
168238
549817
251903
498349
902434
469775
693659
440045
147805
412776
468130
647166
615983
711715
89189
962401
672794
916883
783397
893365
106608
22281
353106
79311
161550
725646
229390
579142
679969
417195
400293
396544
666106
682291
142286
17827
847674
237791
348137
157070
99937
348555
386297
200493
102965
804834
913410
390264
97379
477275
367840
92589
898384
59325
736750
880388
28453
116415
305480
395150
447878
931645
907703
461746
990889
40537
900429
290473
620429
823139
457540
491153
686900
751331
954276
846540
918490
343376
762398
176910
348959
117574
97682
317924
392319
565979
561118
427352
526147
380874
781343
954259
376377
64353
262398
893868
615816
290590
614534
538186
302247
591687
407761
19649
949324
967545
868169
25503
327006
636980
753551
671555
737859
380437
910274
630637
792891
527341
677938
838336
108744
394169
769972
161748
549949
619167
730315
993896
581522
884002
623740
290814
557606
42594
917460
983060
705476
622539
226037
401687
120395
827330
210383
883349
937882
339708
804892
781609
53279
788190
357575
396324
725921
290185
760586
669755
445560
659606
154046
706239
865063
609055
483301
573049
947200
880089
845783
856728
350211
52895
26347
508113
210723
856542
145316
714275
558251
66902
58795
958831
850549
952818
383936
616520
363290
815435
582905
963374
792547
978316
15802
572543
45578
600778
342458
513402
99740
845775
521525
143152
274298
107831
732201
878620
122606
434939
122185
847622
916890
21246
337837
588990
817435
750604
837262
884421
841861
800956
380717
952524
254560
683959
804113
773220
814143
574080
578054
252592
615016
405486
714890
21474
818094
948879
228762
278460
905036
960425
453255
504971
789295
292080
72251
588221
404832
330246
92834
828647
566415
480050
96264
275152
777992
198745
689943
706364
730498
606004
302441
359609
300364
519794
838458
663160
602978
35942
459346
58867
354643
951104
182525
261499
869539
884638
395235
809712
382335
8853
127861
997127
852837
823133
92664
566487
979104
855940
308231
431127
438914
946183
836176
651580
937273
227337
792719
41549
603200
338752
923658
494943
716082
132233
901961
659352
77581
503732
152712
847002
849055
481953
402601
171872
694650
219101
862233
839313
651619
537431
651655
356484
39449
74714
880988
475703
623491
181618
870758
190928
900071
233508
567793
398085
413492
969037
443720
255713
725230
240354
359052
1809
24664
275811
585213
688546
900306
487982
463474
739400
528696
824984
277533
186611
383478
728147
814570
614203
888406
498747
237246
808790
569502
861862
259595
528356
861114
902035
560287
338006
183662
654398
285933
933417
999916
989566
562091
217283
56389
146756
373344
647429
966969
419811
209769
473418
505198
687870
545716
565722
852133
821549
305028
849472
117250
894964
442310
694456
739138
898179
664172
265477
821737
427642
798484
88063
440841
130424
742922
330482
222946
816902
927755
37712
967901
729046
898086
999435
490140
435956
724543
733073
856925
874068
668575
973306
707610
461069
502272
642050
399874
821087
358398
194867
258550
605112
406229
445650
774281
489479
649295
22164
133337
186015
664740
93854
837893
839076
245358
922734
535609
28173
295407
20093
782492
468554
429229
923759
925898
801889
237587
690005
879718
672905
279049
500493
152815
231430
193675
283216
891114
238852
686263
375365
47685
786478
939734
415028
424651
936571
79520
342937
692184
747982
887341
937974
618634
389451
726326
139498
496701
531187
155979
763568
43923
589603
818702
429994
669966
370686
775729
616127
437896
377049
877527
695876
197819
521187
234419
918828
766255
176893
463002
995938
171518
187382
662229
845714
913837
762925
831076
687917
482226
634059
840607
724337
162832
603645
960597
893145
350743
303443
501482
331392
521846
746272
392274
285289
797926
209032
147318
185548
313788
749273
361451
833083
138506
1921
506554
655259
989988
721892
546874
884805
594665
281098
347597
183309
538064
785719
697654
133463
616384
543590
861195
354903
706037
481446
761325
52832
293284
353000
496527
938244
932092
304094
721325
986451
260465
449337
236979
86278
350512
853286
343865
339358
486580
245039
18409
504517
517123
847876
255319
45487
279864
585825
397607
952893
610209
219760
540998
106973
297587
596990
677441
786037
161409
220778
903716
426670
5533
793019
710643
410340
88204
291716
767905
897975
317689
458310
169723
437129
641405
306474
121032
149104
172417
652587
473503
957393
379664
188976
443730
585123
809860
418412
680080
602438
490324
878561
396911
169730
524105
474225
358902
972406
628251
887455
326133
264534
82594
870672
507614
622762
117499
945950
546119
559523
636804
297594
451373
40899
884734
982851
656733
273281
780651
507673
735063
417507
928444
914036
440292
728756
532947
679536
482617
409188
860239
525553
738720
278224
323983
989393
804791
423050
442544
715407
317274
824451
456797
754571
997635
365315
352699
65111
620205
351364
479508
253012
854113
418329
241870
962914
833004
842480
424217
931043
567576
286300
904584
146444
501567
576785
103888
886148
278049
626581
191406
320893
331575
432765
352689
183252
602969
544726
640054
747198
179255
676836
133904
579884
691595
399821
508253
345572
214500
346492
973672
166551
304212
548976
39909
583572
283556
596437
992711
892728
416438
369339
596333
682280
702275
722839
748288
276285
824290
823841
938523
166197
53222
278599
337476
849407
954708
607466
887137
444316
430939
498881
541504
433419
317260
76576
867223
211152
558817
826789
846196
171989
786614
469590
394871
810953
942787
354660
8777
595474
674979
537047
74134
696494
267386
752908
666568
959585
357137
909897
110733
119435
1562
734387
362881
757885
136607
486678
963689
214862
963062
544126
940625
771794
977571
118594
546738
594371
653183
820265
126602
336846
210256
880674
576544
283325
116221
535833
229110
119944
611680
139707
98995
705179
537898
932191
120365
301172
378065
168640
789076
389636
30890
764934
369822
100073
589311
375184
39774
29983
743272
811722
766501
575493
542998
463285
386633
469330
219909
815479
712869
427621
237298
532972
99170
995372
164067
930504
622405
546397
751454
292817
102428
439959
503462
49554
300727
443158
949847
975736
726792
842866
672747
901480
910916
335487
186098
619467
732945
416624
495885
825047
751398
761752
385970
43858
562557
815981
18197
841752
943358
234646
6412
438406
758249
586878
915682
776604
156787
781780
741117
572770
120826
497068
964431
11555
437444
212032
366933
91767
403721
80309
576060
830641
489203
297882
70725
322333
993648
201633
563702
820302
123387
268403
654449
617529
448196
948693
960712
698016
511802
260233
80703
775150
543476
335083
135153
418671
237996
729513
494023
695030
569004
736501
38691
570401
324977
359543
94677
279770
789728
980755
781606
333142
38464
362074
79951
158820
224240
116331
507411
496532
828661
555092
675114
776152
225916
818395
528992
708781
994661
469808
744523
25056
998079
502772
359999
792671
958244
145945
616366
25121
460846
694338
993121
386201
879807
827374
461431
775195
158497
657362
942597
39181
651347
806422
967338
31578
853604
631674
389710
500072
84677
612471
631143
127005
893805
588782
316190
163327
658339
464186
728983
460317
422557
945505
282749
406309
73366
141505
532272
507780
198584
89742
33853
33401
203714
340413
725355
396844
510959
256597
135658
523631
16175
136447
616793
636628
560239
630257
254000
928983
175658
298743
304396
769643
163611
292671
525006
487652
944124
702764
727629
500439
332381
418223
942711
902463
867432
420595
95901
340766
525596
988278
272358
491132
704487
505281
696751
691345
139987
876961
622461
659479
325422
893841
576321
512028
239837
761258
877105
347253
211881
904676
260979
952479
45593
644805
788670
618061
280767
749448
350295
769974
737502
642399
778579
467098
391670
650968
230550
901621
123181
45736
258913
275459
312612
846448
435397
297446
899886
69431
434388
24366
609913
457743
926825
558559
297093
46743
614580
445527
282745
740008
567055
101742
863593
504300
820286
927331
485779
422185
198569
124112
886549
602610
878326
773375
871368
636450
964034
535355
19771
943491
43845
819361
973139
257771
831563
345232
578353
603804
157265
289203
1784
53842
531448
20725
675785
428799
380207
539767
845629
525574
528490
493818
695293
341375
714876
944120
811366
16094
549341
254919
476990
904331
311423
605161
753449
141959
342560
399982
486803
59520
335248
926205
452200
135187
499071
620974
219231
289116
853956
622371
197134
164644
88281
915144
139594
436558
39817
489217
495933
743002
423394
131561
920028
772087
371926
600299
272469
619320
129828
916377
360408
516997
69285
564946
115336
413414
563851
421998
280405
863578
769182
589223
516501
600803
128114
490343
337317
289583
466870
242486
86688
316099
187305
594452
456914
201394
643437
432467
113311
617971
364501
325332
994336
747277
798797
844003
66679
67774
218422
801890
853832
193496
632829
504965
748815
141656
968451
823209
481975
968291
526340
598639
675483
973993
616153
773302
736457
174197
176686
501360
501763
344118
776719
355808
184005
938224
330645
462489
279494
786777
32999
395762
923321
254581
779734
801903
447313
612586
226500
644185
140651
412247
576148
257613
851242
721080
11491
574273
499989
874174
630338
135054
917568
904823
592694
521127
53136
792058
349960
272409
576843
415665
16663
925087
388590
820128
916143
364581
33482
835600
489247
911314
383161
510988
815545
85604
669632
81204
543842
400689
758821
130665
156353
75506
577121
594122
293825
993433
90270
381910
167320
82525
521412
585947
467452
143955
286209
305896
810116
544177
457637
6787
754473
531288
293602
362264
348985
883604
68101
913384
290198
611968
705712
906901
976587
177610
179889
248946
200156
132654
232132
582372
619913
348186
155507
459399
738788
106795
945951
292065
575541
834263
136877
531805
511314
68639
814413
750303
782220
560545
393373
946309
659017
147698
551558
640690
843767
569996
646959
826941
820531
130773
869543
389116
564518
902432
505074
769435
329463
785036
168374
923878
511039
135110
621120
608207
27170
463976
381682
505897
387569
304452
790560
720407
767252
299763
489796
589121
78825
954942
638662
663666
436977
652851
326725
267746
375000
725619
405551
38523
150844
42834
479752
952781
981469
684423
750188
570401
472360
13668
268112
175867
292495
51528
67366
329484
916850
358400
143223
752264
604034
962919
618514
385391
655556
477414
29654
810174
548307
11494
904847
363512
868191
442983
69004
547251
931099
681530
258692
507279
877214
139595
632537
848819
961171
495136
660313
86673
995104
791959
247864
723084
559951
406079
381176
127631
865245
888616
623403
641734
402478
479378
798747
435322
273822
63357
832171
314760
985500
593393
104246
674111
45575
707919
568068
232366
984483
155915
703380
471676
330588
170820
197675
71154
396414
854004
713331
326629
627956
221968
905161
272762
267629
206160
740903
976200
374119
94709
361277
376487
983154
229931
698961
873236
131664
35675
880799
565480
335997
905137
927754
754832
281662
726983
62747
375669
944485
449351
53148
262824
821648
840329
521381
171033
456326
125699
596438
145511
295429
243558
646037
624967
465180
504822
367791
608186
261929
595634
93646
190311
328976
500451
271541
106562
187984
415389
230482
92489
767620
786384
187355
230758
445849
782201
887858
392640
104938
365310
617585
981276
897976
436701
261694
590882
311330
789573
710772
855851
599577
489179
116225
470268
583738
423089
195562
801154
798371
145901
318580
264869
268756
120765
133293
664652
775542
967636
964274
452076
73475
975334
636122
196895
873823
7579
521464
90717
328950
269571
740540
19223
469069
259123
505936
245949
799361
299178
137289
134150
730918
390016
931028
439802
486407
882332
352956
863999
899982
701483
114773
816613
55628
615769
739796
673456
224037
1503
433922
515910
599398
636731
882806
865159
245563
701954
922558
639178
880405
50668
837806
997046
909088
492356
910870
716348
294994
469707
184123
791425
314487
989648
119195
51547
230477
649403
977580
358491
797902
652996
31319
227353
304090
703517
459532
921664
137193
159377
766128
303517
653924
81374
883755
1649
662964
482300
176733
332149
484457
398378
994742
302060
702390
451200
415477
55507
197429
997940
780954
89559
149611
644202
613495
780659
113207
329827
933954
828890
887567
313935
743841
822024
50326
618470
884342
321189
893875
77499
971572
38380
414607
667531
829605
101855
589289
868613
539955
745759
205893
191723
634230
487434
865714
774876
481674
232259
395307
735268
215162
334937
745937
285926
334001
815175
226793
552872
271020
701285
423444
561311
133541
957759
638968
554896
482929
267256
240613
741756
620623
98330
112114
389394
602810
707899
721233
834865
419593
228227
631108
596550
736384
420736
22218
146861
785512
430205
79453
537397
154371
491739
14718
615221
436277
316431
724319
26083
790119
657044
932427
628224
371499
932498
681100
95608
388921
61942
39298
408536
107501
730832
984514
528430
98395
671955
934874
168471
231504
208556
146654
752897
511759
195773
889498
806935
223534
151013
284109
966239
517308
369351
758609
194667
222730
350763
412744
250646
429091
623633
318538
460435
91975
939238
55403
946515
990138
177782
127332
39265
849132
200271
133612
364790
218953
539250
528468
742072
795786
82980
928272
968309
305234
617045
610249
462438
94746
486887
414642
768401
72271
538463
964391
991568
143226
356236
798077
601030
436243
218644
714145
561645
462652
314034
938571
805759
399731
41852
652376
414363
562807
446794
621068
254256
406274
728503
52578
758113
130660
877013
837131
502509
908562
257046
543801
559987
52193
753994
904210
765946
690081
140128
146085
153764
135933
662675
330728
258528
930808
684221
789923
746070
654342
456450
233274
592016
237232
754912
151673
750790
484660
611476
865868
436413
934130
715012
610030
667531
804060
784885
621801
47860
257516
196335
60974
415393
417295
673706
987093
18530
618089
117620
273235
848494
622847
596509
932728
155728
847417
123192
103962
498145
566266
212283
661845
988477
900715
837352
543459
949806
657341
914570
981941
965765
349721
2384
504572
280793
81485
758100
361871
487503
470917
693785
98703
576437
640376
66186
756194
349420
340139
995560
356014
57986
109025
305153
444784
843705
526387
459715
626535
845551
627736
197521
3972
180552
43969
201473
806635
151331
897052
874358
927260
209905
120064
629821
946668
644902
119980
335498
17183
369549
972217
805362
799127
453541
150175
900125
97321
978972
213756
463740
167226
793869
377424
402412
961041
844667
883641
632106
284410
148361
588483
5115
982928
331740
629931
599134
815775
5006
66477
787157
833102
195090
547053
233997
805064
861803
847028
777535
377076
243531
494998
17391
283886
448437
977524
477198
791742
257400
672780
70939
264945
357377
779949
124765
723512
867469
640144
31842
120158
743492
859853
117650
449699
106862
185526
234870
824760
817619
812516
608039
199732
274763
593719
555622
867424
901072
990062
253597
885081
840772
981828
534824
417118
436300
223509
737959
789343
386356
121632
744817
286055
854489
231170
188060
84098
617455
811306
353997
90701
160377
954391
154288
402821
284808
76214
973474
718373
839015
751877
81856
285279
72262
291852
530320
614702
447900
127502
781769
219713
474115
906677
76832
115853
595539
688833
341328
947318
107430
817902
231537
439973
322607
358573
787899
916108
740564
58804
375220
17788
206713
381592
262339
596378
493008
594502
228165
202938
384997
475315
818497
198982
4192
248320
36172
581787
36991
20481
868102
14961
475099
300750
287647
806685
982886
509299
266245
620386
846760
127758
241906
487116
923078
343020
519994
450750
662277
983826
43192
657450
325033
55236
858284
794229
414693
860641
372906
505296
295222
163744
338920
581002
540359
89361
717909
726376
99907
293479
394385
528502
55808
960934
697141
800523
172213
884639
410331
809286
248388
660407
718481
339674
57243
988696
754996
685303
164339
457914
244801
294150
908273
887592
247581
771771
483661
998170
272227
235218
846184
793902
323796
795460
671228
716152
173450
902818
293004
569923
770055
667137
315880
128197
681592
794171
221221
409785
10453
679267
634835
682303
899237
450263
849682
329443
190119
152844
282674
895726
847331
857060
175252
646919
165346
756998
66690
204530
659121
328681
374782
535598
52368
337920
522197
516590
203278
327152
710850
818438
124725
194664
471040
88358
493200
660787
17815
865553
684402
484097
560550
491049
856772
425969
546602
850823
387853
428817
200221
548591
721292
437600
215710
624526
865459
311545
798239
477723
472081
232420
453661
405602
534319
231944
822789
678865
852170
715253
582282
194627
119122
805606
370651
491575
227011
827097
389057
930847
590486
189693
898125
459929
584312
532065
979830
752132
592765
348885
119273
238190
20639
499420
236399
81916
282835
499534
893790
712155
447607
593628
134007
770112
506529
179425
364564
612208
30105
348478
524743
577902
607003
677123
205058
845749
34933
348263
704927
333667
655373
887329
61648
791671
124631
449679
238311
941128
18292
940056
668271
736213
869266
362698
898612
815546
461408
404408
696497
929167
971754
883609
254367
408402
66472
446214
95432
297294
539495
507863
423092
826275
499635
733210
446191
174735
827320
781422
21923
530496
326035
624739
520349
482816
560717
35170
197627
75301
641186
542572
873714
193793
910041
253642
155310
391422
51295
555201
685046
233754
442657
26916
342516
764838
955072
419691
465431
328450
389838
314879
846985
859708
11010
849859
116971
820787
693659
444457
73071
147886
143450
878289
569993
338321
935616
517988
896323
571149
614362
688442
123783
897561
801056
917861
187934
3546
318074
689831
436500
819957
280383
458654
491653
208080
144186
107678
795723
594756
133519
550539
396284
324451
525324
940954
868508
303286
233171
686677
448637
858573
169739
726238
488333
120127
30002
401419
263995
334779
724735
230664
376296
467039
868476
135489
698370
48044
925413
830425
936485
529756
521330
394813
980728
834580
848030
767550
329952
566262
672085
696251
84844
350504
873573
220437
814203
302669
631865
29218
661851
513748
441847
779270
635488
551519
22665
316665
363994
393821
169988
427169
367166
77158
708107
809195
199733
187812
190724
636232
763117
458243
815950
351685
657658
291029
430368
256029
35204
341816
227674
3218
351509
741671
489171
406160
466539
680269
871641
131909
74612
995337
337922
886107
903772
279872
281831
83384
113373
771513
867701
984475
727900
540614
777767
9216
65940
936253
167377
141536
122574
559792
502689
563
844850
276564
106570
149871
496119
524198
110519
908418
34898
409179
567783
937814
250050
50648
800662
511668
808860
430547
501738
594828
191383
864767
20736
638928
445890
166455
568340
875580
387870
335366
724189
119813
94322
228033
595017
961683
371741
688223
876333
188949
518156
984540
392398
945047
146241
483219
818868
706440
116494
614575
315367
566782
862417
102825
787288
788022
978023
367568
124153
591579
80291
409044
22811
50965
935380
13301
488969
556725
766219
390223
930027
68924
33803
94163
671559
64202
45300
53032
676212
883829
715421
23132
785721
596474
927728
652205
51918
400128
300758
368218
43147
235958
78275
299557
993108
294628
634915
322500
952375
161823
26091
602887
749617
569870
967185
687984
262919
134775
759295
830953
663401
587466
382725
715612
671224
5992
562428
790433
697399
958886
836003
365645
379227
685022
29157
194589
140481
376243
178341
41883
746416
807352
710169
3917
650742
348453
712283
877154
203602
920990
247529
503142
1377
705706
904668
628389
46938
776815
597349
490376
249442
843675
378607
129712
400766
513781
450440
714999
781049
488700
841754
114525
251028
952893
605400
114515
662015
535156
401213
475515
837815
878228
748850
704362
990802
428272
780598
850996
577971
280960
823204
764812
142453
62009
583860
901479
785512
95166
696446
820779
130676
959760
157957
64881
555740
65220
591914
708812
404464
163788
388036
988295
690678
583361
329837
25645
225988
739211
841387
858481
744482
705887
388182
977737
82671
147363
324644
489495
120008
290643
935822
770232
142893
276721
448121
710853
947403
998369
450479
804623
61754
930767
160309
564989
948133
249086
892821
717651
963613
521382
667898
612603
233223
137184
559219
499667
82318
745756
468692
197560
170356
7916
947152
671897
871466
450426
926423
411025
660205
853729
391202
840628
917304
551260
683756
368397
777122
604704
885424
662664
748828
86043
698275
565471
527491
436417
495671
869656
16231
507236
696545
94349
975966
961196
759560
741281
694124
174644
221669
31137
695904
308801
606456
908979
139806
807373
823517
859894
334743
727872
442116
236071
845538
869737
127974
736207
867443
743857
895208
734364
448521
751857
992933
633488
126396
890369
184218
330416
700595
932752
778588
394513
833538
409238
895135
814068
464394
58185
693282
919923
823733
31926
412043
219029
514755
769833
74364
104859
39799
375090
445674
665971
107555
137177
174203
552021
330930
355800
975809
597689
964811
938025
209391
737744
665231
909113
112042
61911
26576
977059
9576
14915
409112
531886
322565
342390
83898
184240
614458
180070
803525
753273
757706
51727
315788
527152
302548
178740
117202
562953
39623
507374
682649
298107
841851
866168
719221
453750
259876
957299
51547
304458
791960
674618
181771
15176
253779
277908
418975
333954
14935
771366
9950
388873
767868
391728
727724
498424
681162
207521
197037
699059
144235
671433
45581
575486
878136
385474
297953
899343
874698
475538
857825
291556
106362
893059
42943
990088
628321
731971
228310
964074
595154
820124
527371
251670
444999
516212
964553
274015
105537
380902
759962
981983
354065
975060
666562
790318
836384
336136
992912
194352
461132
996412
212051
169462
167260
159009
889184
518893
672719
173912
420094
19960
262803
64128
428951
403098
174225
953283
637433
667493
133710
845991
800438
214831
731652
953109
544317
748652
529716
560048
835432
764108
797419
772747
195318
678563
222816
760159
475692
716296
199924
49954
922778
254311
746440
664323
854333
754045
187779
548630
598582
907074
953216
678967
355757
772532
748498
248747
568618
572898
880754
529805
915456
330719
648935
973782