875363
568659
304490
163755
481343
892907
837940
734407
381303
10353
853591
574936
951765
426169
826568
991478
554723
832949
712651
268664
308978
482407
285406
625583
586879
375453
375929
28584
854400
32219
780290
745753
193860
50223
9030
505553
591038
830892
295599
140793
557242
713183
58690
510104
745954
186603
193530
467964
616159
228429
696894
79794
847868
33
4423
668756
147905
851492
275794
32404
40281
36957
94183
860628
24722
521178
104177
879455
498001
568194
856485
422240
486679
178422
665873
779201
983233
624650
870734
480865
438020
249784
635910
920637
506714
218764
44366
780971
481314
959633
523488
924070
985708
283506
768638
211295
46259
338911
158855
2692
903480
195608
942931
81863
940136
948890
642842
490425
157918
533749
865619
60754
32029
682831
915854
602236
683960
723170
588065
105266
645363
390296
87279
688904
68467
185841
104984
411744
210277
453835
135821
696017
847064
56691
482529
773302
142420
747712
798863
835486
545609
881914
508397
937441
272324
675316
768547
101081
408054
10906
797484
274842
369733
326159
999470
255663
847721
362570
90195
764947
276373
168916
681028
919153
281357
542759
772987
997186
302129
498495
933643
789361
627461
134887
917001
673235
583464
681606
923200
457142
434877
250473
873657
994160
472672
901654
33621
41352
424675
524530
718226
436591
440759
778150
200463
219554
743998
317698
589642
873428
386362
376566
353219
691277
27319
701166
378076
737992
405765
806793
827959
425867
117554
698328
263912
720017
284454
92101
295234
334591
908888
483120
513299
414144
608342
954892
330370
991340
830396
724450
531545
522642
324022
297330
631688
983160
558719
708280
944489
621762
689819
497715
389604
803947
100011
666862
415230
170341
954667
876942
955934
441089
298950
962652
356859
608821
555641
825257
210641
57555
34054
137584
583877
475113
819807
413682
411086
873566
850148
743667
255212
594694
522468
828684
940621
269614
1955
324764
877324
206056
652647
52303
83076
136279
491669
89172
227010
505076
109380
206493
809028
505738
375062
194841
129347
522268
468215
970709
974664
556558
761252
723337
227044
877389
988832
356431
656515
941606
718179
588215
608876
502783
519167
429004
984059
586124
969030
979996
35909
445652
555195
742696
772411
727738
911081
990383
240133
855236
632044
579106
746626
65336
153374
976300
706698
356938
756409
857895
379824
667590
108263
466205
373678
428241
369159
912776
290103
211940
940793
534340
405378
591438
896091
613200
355349
386934
721341
620179
946213
49634
39566
463231
105219
28056
273714
576063
694106
518376
807739
420200
942104
888924
622719
359534
593126
684328
9188
693309
149844
353686
711768
290954
795959
999454
912012
739485
454408
639902
263634
269343
364655
499426
585464
433260
933609
242466
461319
749043
604996
265152
378797
792468
590048
112569
363174
181802
908955
267307
203450
63599
312763
511513
901475
24703
898203
415991
420634
474105
881479
531613
664922
48128
576989
280464
858947
245754
794472
824897
383013
107193
265961
141095
624140
858129
620566
391362
452907
497415
555602
8014
146309
736309
305029
666856
709813
970465
63677
389920
483969
753672
646388
474812
671039
270320
613222
867140
364058
735665
512750
244298
645497
974746
697261
219210
87441
693420
141316
646036
606794
181313
236280
532241
883234
715113
564307
643437
716259
596183
335751
300108
318350
305265
117306
861763
520235
636755
622138
144178
368398
330251
998187
310704
114395
602505
612467
30561
648407
359063
586597
980890
558874
943421
445952
420549
634277
94557
551718
102630
233417
414341
2566
200390
366290
786287
769342
112088
551816
436259
427429
841867
112062
590657
544655
768687
632382
625064
862268
164435
882245
668277
747763
805091
648807
547830
279207
248182
680202
361686
358702
592681
90683
773599
102897
340616
575981
90627
255572
238335
731369
389846
604892
301021
831880
27595
622724
378553
726436
156065
673778
22486
521833
32338
424348
192176
248330
432282
37579
256747
889620
319540
706247
69356
116353
878088
195933
917270
581819
958930
217604
178682
470670
571394
933597
436546
887694
336941
99097
990077
268836
658583
260334
176509
502496
570324
5569
120401
207360
531403
796983
999057
416301
937407
511917
464966
446483
732701
440989
685374
321698
503791
641165
792164
581309
847195
925231
105062
658864
680621
877544
48430
227192
764961
212251
665405
847801
983854
912747
998423
566844
568492
358355
864498
81307
326188
570428
835286
57419
562784
904083
670956
513012
450728
390286
970247
879708
761071
672130
63020
294955
699270
512492
782955
521813
963143
481441
173973
473533
290797
160537
655421
974663
691739
529542
220970
988258
68323
298526
791071
346346
988901
419415
533689
938877
27405
320331
630501
533858
718562
506345
728256
31430
102875
342425
245413
811295
280664
249530
725442
884311
331365
15531
964266
428535
110328
655841
281008
957028
658538
895022
534900
899848
389599
923932
115523
581259
689214
334068
775107
983166
186854
97642
935469
186240
994027
105862
975975
884920
34787
607233
640779
725718
858760
288825
239208
370141
271513
349068
743566
160262
343799
363495
846596
63466
751584
337072
190181
688585
226455
608253
152118
125891
50694
913996
16907
831318
115395
840152
807154
101368
311204
145530
136877
750272
520276
776546
426402
16304
316768
358380
91549
421549
234047
424574
93003
189884
152820
581851
127394
989449
2800
633139
831484
149577
718543
552648
303398
537842
919433
231284
629082
881824
923631
533227
646522
246008
508153
110204
755531
178739
290105
807796
164170
953996
220495
407923
963610
597818
507629
670896
261342
493741
942802
235790
161338
85193
981051
423407
790854
792810
782929
511521
813757
62378
608026
352143
694591
716396
558337
329289
323840
312159
752637
774548
427204
595060
882089
338843
787608
465500
358933
766625
480951
619887
2933
909970
909565
312107
896139
458726
564093
690900
635396
693792
424045
100904
122489
28228
759713
701295
134981
134997
139060
544288
576149
419663
651186
491464
617148
916438
982215
782753
61301
322691
384795
681643
362515
761760
176277
476363
287482
184771
572816
241108
193790
869415
587159
971504
670651
397393
375651
683319
270562
331479
114575
932264
45054
766375
915421
811494
425753
281341
413720
678057
66074
454994
29178
822512
634829
498553
47255
664843
519274
180457
446909
671631
372953
177985
940038
34882
405706
776214
425428
549626
179317
416005
967785
186704
838506
395535
195283
713700
7051
758086
276017
702538
814775
95373
896203
941690
347134
367321
756512
327846
7658
645774
150726
361546
927316
332617
420826
757842
226059
430607
19375
724687
758531
647739
976647
379229
903115
317081
591791
638169
596257
403995
805251
674885
240944
541069
510189
282286
324280
211026
619192
38793
347045
553163
303871
837127
785086
75040
445265
327271
293609
539504
615325
29331
392372
68393
471202
951743
407552
941883
789201
128278
844450
592967
166622
112771
601893
801877
96338
776969
802512
73435
40013
21950
837874
203685
81707
919484
9339
489691
41678
354939
945844
249113
179499
952724
159087
356182
44720
192587
313206
556736
580054
787323
373704
334495
353825
707112
801795
857932
372465
672075
515672
75491
464630
681238
953142
668889
609350
203519
890852
628237
237913
591496
637048
377979
987937
272133
226830
544269
901471
661285
547548
825330
642041
226327
278663
317930
361038
834923
959217
825098
689816
838058
377114
446844
494182
561178
182740
478528
851746
92972
686607
104917
170441
337583
353057
443180
583953
929392
117146
671899
625256
268281
526195
288915
514508
302370
637131
549191
153226
337816
917097
173589
114775
7038
2294
231051
321297
230408
683744
912922
634906
350920
837029
190666
269356
590282
944191
13517
964463
755223
522345
577927
991549
667456
665181
375337
797913
470173
511047
875967
372392
447114
14971
677317
297722
605439
570368
902051
190586
85800
430313
159800
685037
825853
948610
700097
74865
311034
387143
611121
421576
537787
396811
16901
721825
602820
585946
148870
37045
881175
86459
791538
343950
145695
365372
819720
274398
163481
475731
827964
155958
728981
21371
837957
923009
934995
121867
242426
797870
495887
49379
439251
486099
714253
910315
779749
128314
787537
764641
612087
397042
953277
268177
792616
743528
205810
34393
220069
259204
862529
300382
455065
85479
572491
823152
538249
599981
792000
796615
639051
43115
122367
247956
775572
892840
666680
586037
419976
777568
743339
645616
55652
822781
659861
848003
422214
906529
671121
691930
794960
828959
856398
273363
858367
761250
296400
458853
421855
88585
161801
378802
593665
21335
810121
141289
508894
967168
766407
256625
707573
395036
720986
763602
687526
227902
636219
852458
375456
664026
191630
377666
272202
511099
68547
599927
827744
1478
841206
261141
772574
5648
561985
910788
387161
586497
605513
717560
912818
938071
293897
23665
612946
908467
22434
744204
934407
728305
47790
467936
193514
99058
600200
160457
809312
644092
554
196959
987631
767903
827943
855593
991168
78897
160976
401183
158701
910601
3572
892579
443476
40886
577219
723602
136344
258748
678628
832669
415522
790432
188720
63880
225722
662557
320377
518033
100967
445548
253810
331751
284367
40905
512729
122107
102104
949673
161016
657795
886500
39487
684160
167631
463378
535106
536482
258051
340667
679361
974846
465990
294231
997482
419846
840844
865377
815040
983016
389337
792252
306536
94804
617655
33096
297224
685626
149301
375497
898698
711313
86987
920297
767038
526605
838825
493106
112387
867184
362465
552051
182206
502187
599563
801900
930643
361509
185629
929306
265244
29898
39317
670056
386854
794733
200618
406182
795449
184301
765797
810982
960425
669217
890740
470425
872754
386650
356708
298249
255947
909176
955696
518118
884733
748108
383458
87050
114953
515960
908914
534290
492882
41261
408775
375667
233251
976682
292710
932548
793134
34426
961668
134835
765022
741822
388260
151940
445938
303308
476473
749275
304208
853267
71513
228846
511527
877229
425712
112814
449514
743826
275159
442734
835790
529148
780211
605468
571748
168425
669694
862878
286278
721590
500130
426639
899965
291368
600961
513436
102324
605941
309330
89520
146396
922250
94939
702666
735034
329036
884405
33011
904718
560798
306438
147470
522302
184162
880978
605516
961235
716882
435556
954776
993567
986443
283475
67674
466242
146580
402081
490393
450912
446344
583321
705607
59624
801696
725289
76911
642172
319111
412572
65881
521269
397667
509584
366349
926806
729666
708887
819759
371099
176944
403095
527059
494666
383325
293887
401130
122325
472344
931327
571201
366846
337815
636103
567937
164263
90419
397652
271701
350006
577552
611919
918678
873542
643573
124786
880707
192765
981428
163871
774466
720347
333704
138782
243656
754838
512673
311845
89349
116134
729241
401203
351750
285510
601356
640579
759795
133447
571811
114756
731828
903620
831718
521933
553263
236846
116334
170783
276234
169544
737984
54580
529381
130304
916102
564925
303057
743388
606918
174038
333069
242287
715976
828468
221985
345993
359972
187711
665230
881025
472803
437257
825573
533254
879231
317612
883719
805110
906609
698817
232271
333777
737338
265114
460153
535164
325305
397440
824702
766174
775162
802141
269344
361460
966077
20374
458854
992318
669763
175793
269169
49146
865872
498913
31497
10013
670050
845724
542144
552850
479894
760925
979317
281011
294135
819306
961182
680937
119019
765873
590398
71743
56283
40382
965190
275353
856284
921304
547433
788174
58339
41737
655205
755364
207283
454548
71776
701904
781888
123945
148167
826774
200748
798834
301625
267893
579839
526715
445751
727445
755512
639022
526391
439384
589450
461338
207690
596444
402177
722880
315688
601747
838206
39504
995653
356745
805674
651684
599599
677005
411545
611119
676060
46189
821959
245720
716895
696565
101874
294603
853185
434913
525736
967930
253583
551648
115072
284885
365861
773313
727658
127884
472511
535619
478807
103949
425215
601653
240578
557960
781532
173041
169612
702096
244673
870543
90881
515665
840420
702266
201306
949940
27462
120156
30144
737741
654840
99833
697346
753181
503716
509226
745464
766424
502362
252969
307726
519101
432283
319568
278289
292290
165314
114183
496125
296293
782434
466197
313030
795156
386561
625453
682808
866229
779230
13835
428566
979600
743264
546273
756887
38508
841696
286541
724719
55322
494970
298851
228917
441248
572484
244963
860838
987210
435437
847188
879125
893806
197184
858041
336291
15121
172749
512596
392113
713678
445894
691515
69532
295550
512920
375889
807694
641800
740533
720992
405488
218618
679115
363508
296402
187689
226095
315081
900059
475443
389918
448179
140336
990973
522981
411114
697606
825621
351158
212125
479779
831760
332431
968402
195892
914734
383220
967722
502216
877577
954096
886256
227760
833632
326710
457792
603200
788911
954377
621390
417095
651936
881826
242712
970966
634484
806061
163062
788413
445300
855422
307004
947187
606868
816988
778860
131377
145742
513850
967609
464608
5783
811004
953531
60901
39955
344844
782772
324050
379500
698700
715302
927047
745755
744910
441757
799779
362741
805796
688130
74200
173042
573715
248391
237841
795399
795807
763734
678919
863728
663899
979314
743115
503352
117002
239641
373182
871531
82133
81611
607921
666523
187503
878482
223904
717892
247430
4300
449475
336517
823491
872745
137078
401418
151352
865468
549767
462720
401030
482651
729067
965538
304490
988119
510200
386397
742697
35122
160120
656643
565252
809503
852424
301575
330099
412438
99530
908946
554604
984009
139586
286960
111735
212820
82120
423400
913677
447422
482177
33822
481174
20492
104871
799371
576647
550577
811377
839462
145534
539544
710208
123691
586599
364299
456240
100008
452476
184734
748933
235888
941319
72726
59197
266162
290616
991569
965190
853154
283829
553187
294014
382176
446166
696316
574900
211426
599003
856395
955002
541261
358047
378208
313354
113493
177672
698572
447528
582769
888845
345516
959975
888535
273232
212545
501255
578776
153600
117854
593790
627956
148785
398749
198558
438780
260232
429634
128730
438969
673618
155497
821198
279990
716802
757048
39672
805101
655634
550344
819368
246350
294574
342727
251015
365340
851035
638712
726024
203181
221909
21504
839472
338399
326894
829266
569104
22948
370726
734471
174423
794840
701369
293972
499845
882696
399862
251309
106284
304602
296537
460811
310681
60810
849769
906043
198086
544747
514882
373571
523867
675664
790023
579014
7040
426968
968185
592621
395425
615881
734933
800938
822977
296365
856970
814111
750926
40474
657117
511107
153032
383093
497831
596140
707270
571592
644378
405842
915188
630880
300060
717365
928571
805964
954043
734012
94752
693352
282192
639426
699857
693166
633399
390624
579466
835642
564190
448679
84680
298555
472695
363635
252614
644973
19239
158422
998173
69775
935967
779510
169536
688666
816232
842984
307618
279362
911844
155160
188890
212553
468223
368342
289025
79383
922865
44410
150538
515270
627484
138178
548616
107995
672608
822921
972361
188479
760911
998263
890028
442321
33000
838324
534671
779607
475443
745992
548040
825174
521475
557431
320222
589879
18131
376709
785145
677727
928286
70344
540802
601893
761969
313983
25425
905400
606033
855918
335998
441682
425908
476683
339267
291452
404771
117117
457337
335536
3529
282899
961285
992618
309101
981893
14516
669215
119029
541777
861408
981085
383207
92323
151664
150316
773137
47373
813649
583027
149141
41238
846194
489929
205832
754934
738923
703980
908554
4963
395395
800117
225814
472913
259579
281819
27145
441372
80877
268072
977248
368393
573004
907891
773624
137906
422431
563577
32949
505276
714820
503770
832007
728895
469803
904592
376793
148206
676361
116372
763796
917459
71612
909813
73014
85432
104236
64805
372514
420511
421430
237711
484777
239698
221515
402739
793893
137147
192658
608095
438193
687827
175696
707106
527056
895356
10058
87626
770362
109127
273732
301892
468768
855930
41171
311654
12926
368819
298998
56881
82459
105199
654446
564878
513517
380561
692817
932009
352102
934813
309737
921743
989305
384899
878124
622396
854335
868672
146143
376462
938476
988818
562753
833570
307887
727043
287008
61767
798634
758890
768200
502178
705182
710308
545469
530256
384518
278299
873996
961597
582523
469430
263777
724809
478472
44025
236194
242179
760479
903259
109435
132530
559828
460524
321141
666411
997155
265926
272241
231282
337984
830219
946867
253176
552726
773003
507265
873001
115805
973139
522756
268021
102712
115853
765853
246566
7129
937711
362290
790652
866129
101237
405927
64197
250703
671605
679117
576834
997630
897990
477568
784724
675416
378355
704058
299094
97510
956874
901975
102665
845070
536463
879265
927310
684091
873831
18995
117987
661128
31457
938576
932151
699495
51098
695371
163509
371999
405173
830221
540178
216217
379847
639504
97743
230635
539609
565061
984884
847410
939750
573531
187212
187395
361291
349734
231207
586554
747236
804079
539604
927263
115561
564533
733651
932004
282784
130148
784526
681525
706119
859400
34089
536465
17921
770006
141625
764019
197760
783926
253176
967215
21989
567918
33803
355837
815367
115246
51774
510240
929762
844354
937157
770489
583112
707292
24548
190449
690997
258166
724309
448734
812986
700396
990103
179863
11250
874970
839978
297629
618662
579325
147715
145917
37724
492998
331817
448872
654695
450610
428707
852426
168722
87499
918488
340907
93022
456547
539259
296530
87630
307610
242432
683729
773714
817833
679940
487281
141819
499270
728155
356918
736799
360971
85852
431282
256996
226873
317462
802242
84834
649837
467996
625194
539147
61436
906546
34735
902735
779997
611356
462452
547286
216984
906704
964368
345844
599511
405184
448183
612187
186295
682285
270836
379947
132382
175106
670796
391256
675855
189792
311798
82418
365552
153186
534531
669727
817519
611239
815967
435845
369880
636226
248751
949976
623504
91449
19716
876296
890483
48312
830850
151535
18489
532481
391637
835155
719923
830704
372966
898258
597186
97100
180112
569892
821886
858817
705205
13045
565588
72415
182977
936312
20698
965389
850681
385359
92052
502449
273745
1461
691741
343924
373638
375061
961871
910589
520521
927955
264642
940712
24731
388105
355252
605474
181814
762678
762591
289053
633125
7219
524905
861299
314274
240163
880124
224804
660654
810719
961157
939105
911412
982676
429783
166545
586402
652826
913441
624744
15338
255700
867884
286702
920763
397870
824319
587121
352041
628112
11407
551281
7093
618432
971150
319047
583863
803102
388950
212660
453715
898896
41806
3389
690796
810378
451138
945355
940245
780728
9619
390319
518607
92833
766800
970758
828243
15139
505323
320365
116782
34331
76446
74338
67313
941818
508767
295031
943880
196399
90939
460148
208995
156539
598970
505703
13417
230794
382690
580950
140162
36246
604787
938435
256627
908233
129106
41974
39798
642767
251815
257533
182569
278851
696937
391364
445387
52642
452953
877540
527009
707051
196548
246359
400256
12287
168659
137222
858127
975378
629206
893137
302276
339858
529913
362699
650047
37486
817655
908109
787965
771276
509109
471629
470871
904474
133707
839459
773431
260988
25756
270116
902444
609049
802903
316168
438701
812861
309272
500393
253624
865921
980221
332536
652451
922615
825240
7002
509629
967035
181846
85910
201788
482779
604116
731539
975746
647195
18479
688819
386666
783250
690405
237534
697294
214086
581699
618175
798034
939398
844097
71629
405400
48980
981805
895567
461531
155749
138867
792372
778881
155398
771391
121565
295204
202709
134585
387796
871092
919667
569104
268053
40939
963055
780377
875231
768218
942931
627023
766224
689158
326900
828703
371025
470153
266929
362847
141696
930185
747816
555050
81801
343576
505376
320253
395489
356041
497137
551301
390939
718540
424818
883833
533969
142753
471161
484688
53110
116118
226302
199605
767832
410369
282874
98524
447105
174011
397773
929799
466765
899782
734385
22205
359704
9862
981281
939800
997184
863904
757427
549092
505679
710509
454176
669044
213547
363343
213215
319409
369624
690253
553870
66341
387254
91670
416704
825156
556094
573658
93468
945067
571900
336558
888903
458445
73362
480424
167576
321835
947877
152951
994111
646478
659970
560109
289506
57449
785969
781962
278105
75739
300206
862253
480132
811777
959616
955465
446993
640427
657661
34532
628417
263846
811036
38164
820951
564711
739925
708332
857194
998367
584678
879996
426246
770711
511712
242390
172120
279968
134967
651567
767075
591313
890514
583700
873720
680274
272826
685742
649799
643669
272225
92723
146935
868220
140365
336054
22708
983931
273484
506216
498240
849411
939850
353605
593032
644770
111974
269428
676144
911966
283155
905569
839595
985287
257331
651542
734755
450276
356319
472966
453140
142627
809599
504761
597535
574660
247955
482647
561862
705450
401245
911149
221193
781255
752160
187129
947555
621877
257872
265332
414417
923348
268930
234121
233371
634291
481963
695739
872443
147109
649449
103318
214020
890831
779284
652780
53438
760980
483721
499732
144823
906739
532799
648614
626058
9885
344149
482509
436056
629956
133658
446443
59444
427992
670063
22724
305070
572838
951395
865624
831902
429109
266453
502662
696259
57736
684332
544131
770230
524611
779122
969709
262139
691678
112590
676382
913034
451627
359176
773939
696352
844856
686060
923021
220131
35740
109268
600195
593584
822966
867353
905003
328125
990417
608625
425238
997327
995844
140031
403445
407834
823365
680292
923827
455691
125408
861824
582488
79222
723638
243334
179111
40306
891520
913550
112220
708131
409077
950176
567928
494685
145316
754484
626432
977588
380990
140636
14472
327223
901268
333645
378297
472649
127391
27595
886565
882232
916078
51718
773740
792729
347417
40731
422802
113989
680552
769368
536082
612800
908209
241978
618907
84695
522988
863751
371661
858972
737965
666949
284750
717728
158993
422920
843528
868076
554018
12176
641673
583539
847035
271738
946769
492145
182456
683625
94118
634768
175816
695765
269582
194661
436206
561419
847280
889880
809007
575896
696412
282627
443039
286743
103110
628536
805093
114378
835205
215495
498564
7569
190756
365568
260869
447974
294237
212615
10675
329674
624654
773883
516367
418900
633563
478872
882253
97317
676634
978804
347848
672912
676202
890667
204552
810860
442953
441940
603015
887476
474578
904408
41442
947649
304112
768117
47509
667664
456067
371962
352457
136166
599796
602821
958795
848592
469717
392477
452975
255757
2171
103202
124867
883287
842743
391072
112062
496839
880922
763394
178729
781905
704281
919373
576304
138078
28981
216570
338264
493900
820281
559928
86835
254057
97611
518627
108146
392614
663041
336166
369698
826119
291607
745003
978188
935242
985034
140753
329681
344973
714073
440686
928396
689860
483854
664122
173602
538103
791888
464583
618415
445780
13168
852409
47531
818854
908726
75171
325436
607943
941337
325278
153594
608971
525890
215466
849016
503406
659181
880464
402316
682975
647216
862659
769976
263484
727365
979255
684013
449570
582699
937838
276791
822923
272844
861601
814443
741243
732679
828913
315567
225141
72805
660365
864239
949968
917964
173752
81420
659331
780821
852423
709285
751302
283517
469512
393022
637467
896100
233689
352625
342940
215132
693930
961908
785867
261843
652338
377616
814670
208710
673666
288510
534752
120483
780971
278924
793263
255821
979496
693730
216835
166240
523990
646614
217629
543903
248513
260894
957563
954415
251995
458628
755705
370962
323581
685030
89152
734667
370107
982013
486583
762925
416383
940297
404059
581303
996944
309567
130525
987112
731363
222972
608643
820467
992713
810818
73534
729179
871444
322274
13310
891308
453604
689599
3207
502084
41392
104572
982227
953441
911861
711966
354213
81600
432314
893781
508753
206151
688124
127982
630429
358034
33663
617871
916903
769865
977679
270950
767143
632586
426306
898714
408110
875254
15832
500761
238265
104348
489711
162076
588673
196902
876666
312179
735107
364806
469376
25897
891888
920314
884882
657922
992842
141172
761710
414802
884681
100249
625392
297484
407491
197472
869233
575675
9283
443818
162749
221611
822821
430944
403383
355052
635142
213146
480268
263734
118038
141582
304821
859705
8488
789673
685197
132627
967936
407342
271401
776975
76605
376353
378345
223709
766483
188254
748014
498829
451102
782164
969722
92684
839980
673764
230039
208096
927313
907473
705819
260885
534806
559284
789523
985859
662181
254019
469432
814635
820668
619834
609905
277374
855660
288002
217440
582225
888493
225726
184519
32547
507809
784091
450896
55904
716093
503839
689005
203054
710565
46537
750446
317554
983160
459077
758694
727676
55758
142756
814761
555097
419478
435373
407777
52114
72350
821715
263858
830431
621788
541371
614841
323107
397284
212834
57091
573240
135251
759594
952323
776757
416417
794583
840195
322815
565986
794852
212787
890602
30503
475563
764424
923829
619123
630740
509432
206612
450002
582408
707307
286152
792326
176422
910160
806368
143185
840040
382215
111465
855188
555562
156426
272855
691833
886820
665357
984792
73948
253611
890778
37723
878144
755480
765321
670462
172122
802217
109704
850446
452348
238259
439147
323561
110850
254837
640321
440424
12472
285997
152567
498014
519610
723923
232698
247826
329051
276158
678057
161793
435814
765690
980530
805525
891625
718389
473032
153155
680879
341443
7136
272336
459703
785780
139020
575180
755382
1598
712153
748240
191679
948081
647316
311860
24751
552007
133158
389677
261184
737168
827881
420491
893541
661989
359314
863366
13908
668376
554517
7202
968692
557624
506805
97657
526945
253640
675394
960274
839306
295375
632757
48486
886485
449486
735495
802307
311756
671290
580222
665513
448595
23198
701518
825788
299980
542170
665147
46522
131916
539154
843890
486981
549571
416605
321119
765407
497182
805620
225354
892444
344267
738607
680418
563402
701601
239444
491727
625512
569652
763587
492594
95052
952649
537754
530144
63728
593177
242238
538326
459216
717025
24629
496023
95387
16184
359597
923743
413915
154902
157024
262818
370404
649248
994467
331061
304494
422709
524612
749319
550506
478553
818688
749854
238668
48893
86492
938644
281564
779041
620615
842840
267659
690228
413544
474415
792124
649426
454532
201841
949796
29502
142702
989629
108976
981312
163920
208366
665283
544573
18702
387227
258799
14664
421965
1063
604410
47871
986119
929094
414878
338252
968340
997406
635113
754207
799158
343017
638705
652835
114266
973344
323320
655686
208712
753186
968209
914971
644958
145250
800931
777093
308344
945097
997723
643302
244015
765350
809405
661799
932208
7941
858914
171894
559116
576224
39552
298513
260492
558800
679805
566434
453792
129669
800750
753960
497991
581451
488378
128099
626269
873525
953215
121308
638734
772260
160998
419569
207507
785295
305528
806972
355662
386240
403130
100827
312047
21193
474800
866509
888290
793698
921671
89184
708072
483608
541344
460417
858636
62545
963402
50535
459844
344897
726241
607085
549511
354587
871887
790104
195901
156015
721856
382828
616560
132751
23062
636972
857317
202859
928588
144176
765024
725513
279147
481421
817739
265730
667869
51546
70568
155446
214069
892651
379805
462727
574092
954392
751363
387548
326276
259629
296442
44801
774504
209551
339878
184958
668627
384426
233597
842333
370155
938852
130368
149958
330219
676074
484625
57000
777245
122365
969240
320086
103208
509231
554222
285836
592541
538677
11082
867460
697314
420873
171624
708895
358911
950195
717022
666484
771288
472225
474520
516194
704459
889729
872178
687013
152555
286452
387472
524530
722257
886007
632382
653538
429691
418455
371489
774334
962481
515788
120602
51176
196203
355835
675401
540802
303482
208082
880591
915709
319812
193611
712832
395178
747116
223395
232916
185787
267366
161317
9051
807394
191449
891664
8934
283970
820640
997832
254516
129403
933468
35117
592139
2721
458574
292855
192130
60183
478570
271486
261771
532794
782898
463950
200825
254605
295640
368230
144453
677707
976333
48572
507597
272129
548079
189681
647579
352707
965947
435401
102827
687792
419823
945146
559145
343598
906908
491661
413323
4813
599628
236187
678362
677979
453182
540344
992654
211060
182765
544303
18402
828086
307819
337038
100073
212077
740864
708791
276343
11425
818396
141126
548763
688242
65188
699835
800460
534947
808854
740153
20001
278447
944309
673602
195050
394344
993967
187169
610383
323148
546384
678573
538799
504988
362110
892930
392252
805525
451434
716066
745760
268483
966450
584071
29366
9787
8878
571523
824732
794309
731082
58193
692224
965475
147603
845205
249975
345654
411192
967972
696058
72105
407063
347143
656284
708469
655812
826190
154299
958682
445859
796004
696656
245628
44995
297518
786066
793245
112719
92326
602384
58983
548875
42219
829836
760928
273614
323061
813164
385490
660097
72028
381652
93341
24253
664744
597319
584337
247518
472639
172755
219
64896
69234
260103
556723
283456
945246
659238
852332
738502
403941
746963
743958
375576
501974
506859
72700
899532
478348
834969
534740
129896
763008
416057
634752
226830
790653
638944
21208
497569
495471
908123
136737
152593
507674
108648
925177
230551
102648
58562
232022
472257
691189
595551
365071
544172
395123
660991
843553
910695
321361
363176
846088
11692
571496
57792
449451
228887
392362
98739
324677
723728
349999
196302
420523
522728
820984
608897
415655
667993
519848
538736
877376
72100
187189
811995
81452
893049
810341
190393
330670
300159
77535
759365
788873
107172
507163
824565
234898
179187
726075
293751
516754
839135
500426
172857
935025
288585
993592
902130
696178
861773
558168
244100
469677
640648
943692
579206
379575
521946
576831
308365
162758
190033
472421
14397
787966
375417
636484
809280
380252
964605
550100
498620
726480
104472
808712
793346
575778
29198
748618
632008
904885
585447
594743
117482
367007
951626
642634
676915
697638
103004
565456
29182
945449
72415
475920
68919
970895
74160
283285
76921
893668
134746
821563
953948
148284
712111
892655
51391
26861
288534
119514
820063
992774
613062
530196
570672
974038
659209
558776
350263
648170
202581
829059
14997
245957
138910
466373
49069
379801
651005
182410
678129
882671
976503
214247
731043
700750
481726
553677
505430
812976
874305
185444
944545
262162
334833
431296
848147
972224
183097
744131
104163
474401
131744
41986
882804
863253
649002
19907
591793
750079
294285
180497
415168
32470
951988
996435
445920
855369
196347
258868
697497
987945
825316
715351
119146
835668
244384
739049
792375
515008
860239
734380
312907
520957
317203
297389
830484
869136
258622
939889
185007
467190
81869
568119
13000
182828
935440
175583
755925
686662
78084
784339
262460
319519
318102
270777
171856
279785
96303
157857
685204
512561
323917
193589
131013
786479
154271
739677
759098
434936
771559
367061
92723
422408
614575
355468
275930
606226
60679
956995
553330
991759
567934
767954
74281
248694
153883
749736
947750
796831
366219
80571
599973
963164
727320
135712
937650
227068
125447
407823
883559
858739
404845
682509
296996
995013
294561
952037
809001
143336
161604
729727
9803
761750
901205
455234
9236
735613
443251
397437
276808
81796
9940
50611
516122
809271
756001
861156
289225
63891
890762
550143
300421
627328
628938
576134
813631
905216
289851
409975
307295
821381
107338
690167
599734
283502
678739
440563
66274
85799
457218
445571
177531
344519
933232
546554
376594
448628
969043
583581
620631
556400
294744
108605
485894
265170
771267
470179
55736
339806
696714
56925
156336
119507
513927
256061
554676
324379
100916
566698
27924
107541
174794
618904
70991
203691
399288
183095
965258
940550
150031
918210
493442
590848
261577
548836
131563
542022
638120
76860
703901
836306
350215
850878
231882
162305
202617
52245
154734
333733
775940
610282
244692
698199
502626
808775
29573
629431
421875
64950
813283
914954
7730
22411
454751
537838
229104
234573
327204
23557
616802
518414
533329
250182
7559
205442
608519
153196
530200
740572
621393
573673
54291
24850
625136
653305
940707
122343
660717
187085
300386
813860
337364
618017
72051
812155
820839
882245
296135
82967
541822
587160
873316
982781
747742
104654
70277
267750
232239
726794
276653
542518
439109
37174
294926
576382
234248
103976
560089
115652
424740
410146
762429
558437
626444
954649
106687
330572
659123
834511
62629
783103
744361
26527
517574
532806
193259
131236
164800
966067
806872
346010
618112
43430
209175
395982
598975
679011
221228
310882
758889
505563
730010
67546
669488
888142
522930
531263
901433
72338
140634
138189
262628
506682
423649
280076
532416
583050
882994
100409
401651
976838
105551
740771
385798
239867
37460
950832
973274
481694
406359
86093
674334
836692
483913
548123
960011
205641
682819
974788
248781
172163
221390
880364
302398
197600
339612
698405
393358
305295
297701
519956
688450
191407
895590
764564
810831
349709
451650
722522
324024
414437
378983
840022
391321
963163
960470
323136
827059
629496
118932
713216
757549
102982
614694
691074
5601
349395
831067
799832
16653
466580
66268
584076
557093
628169
919054
429870
828222
505159
409591
117341
26122
548079
758162
905887
236783
505881
859753
641204
851241
221398
101936
984039
309981
13052
318843
209390
10329
502873
358718
109439
448927
128845
284503
469467
669897
93616
534342
727151
366442
61618
445690
538703
787521
25593
1193
136050
586895
744575
72920
774730
492025
857948
204104
506611
908498
170249
144321
336507
9728
145762
871692
649082
846156
613491
874347
995919
767635
575047
351823
738756
323876
947181
954535
287475
940703
614299
297387
480201
430434
502792
531938
986775
486269
148234
697921
496989
9969
888814
789203
362838
761202
421618
101228
848375
931332
777914
633615
377157
339015
605285
387195
420548
787731
743761
295544
814573
411853
309537
246828
821086
825332
368836
255062
240719
237962
476098
886113
153369
816258
815784
987761
719659
136163
332018
452854
160109
111776
775131
884530
953278
918786
216158
368341
903300
239162
562797
974410
649465
211777
103956
525410
379430
440031
303217
329622
673796
955991
784984
993522
135194
987122
274505
215598
469315
26691
895245
254610
519500
819244
432938
527618
359219
612545
9970
380354
900381
923214
29887
283395
271544
529357
603576
248235
360939
988580
330100
902058
140043
7557
498553
890834
351507
61402
644673
459665
25330
694305
682180
693598
958043
878074
34751
947916
517444
177373
213799
541678
248794
724622
539394
445634
74727
155032
293796
246887
742026
189640
728806
163764
847309
459411
853908
705283
101681
333347
942722
845134
206924
851954
799147
843153
385085
900196
750429
473858
685065
925336
257403
987675
574071
562505
796611
237883
657994
559388
448561
447127
956207
155823
204994
690085
271576
583804
467798
940056
523845
141862
479063
201026
640670
159417
275238
479899
392154
561268
335005
417752
158143
482996
420479
548984
149967
677386
957977
288410
910314
961870
183239
36043
28959
380008
781368
608654
917997
448070
910718
389018
729933
898202
302916
816214
647244
692773
321495
272553
618152
41292
905765
282809
338985
79251
226353
673852
183697
810296
35781
798102
392783
557667
857879
101563
499597
942764
416372
329271
629002
598626
258638
300971
331365
316750
494055
590959
492416
787201
751273
315356
761891
248838
393964
332524
714520
868576
324747
188319
644634
385160
103305
135964
462818
92918
866112
909446
74225
377433
273834
401832
259544
594230
912110
74819
534834
626968
336487
759376
891087
783586
757761
50410
550517
275886
468113
423437
548588
76690
751290
898336
293390
96302
827833
571621
174683
251518
206727
866651
256539
267942
870102
487224
821446
800983
342614
790583
483554
680139
644632
25704
208194
989376
535702
154326
469476
740371
123875
721297
711908
275625
927552
288202
747366
368673
319630
816537
270082
918451
731297
943131
316980
715673
349175
163979
70652
980263
744232
398904
417353
56504
977312
775207
972661
672714
97798
329462
598989
884381
572534
469632
104169
460195
803704
720564
148226
485087
888900
656672
264646
238579
761551
568752
261209
760083
689149
86464
589202
391865
338652
968026
350172
593993
243947
127562
996555
85050
957706
740368
575386
308090
36107
870177
414325
260699
92737
551195
697884
547172
804814
98718
265499
649279
260055
197503
213479
613291
93344
175824
3790
365242
343527
402430
237893
220233
809422
26402
471725
472726
917354
384892
287764
637258
391555
132435
740238
320820
880410
209385
164069
806494
105282
299291
747083
315910
120517
930753
955653
585439
462634
942585
410307
653295
929199
731214
648599
80785
970638
24399
906413
718916
143027
937222
833218
897084
956851
337382
626265
72877
5683
835530
495608
860021
639625
526758
679691
776958
136087
310313
386765
17175
247408
43106
767252
4204
239366
8512
266988
814839
533741
333349
371597
409704
521533
130670
288426
598052
961141
862797
56789
286046
607872
993987
629331
627279
612887
609403
613401
632338
711123
415879
294937
870641
881500
842545
645281
838218
84221
736650
48255
457301
682646
243521
799896
914682
363390
675620
19051
771908
313363
948127
349186
703656
17442
816471
746832
862200
472384
387575
38971
217344
747556
942627
914056
515597
690267
91775
886567
41861
198337
154336
687556
172111
304453
818402
135921
781222
962475
747889
48928
683051
913220
982698
320677
783180
774706
306708
841131
391892
866746
885008
424356
632610
209154
188490
87157
75191
977346
869337
897727
814517
260565
620302
939806
314372
423248
787055
143966
930524
907435
492076
114939
870386
597424
213523
963938
897286
280261
61821
204887
556502
599225
997292
995113
403152
432387
577052
520081
151280
937585
143098
10226
366651
858755
923960
916421
636701
347964
292922
923285
232975
214573
495559
854524
812257
232548
227640
197697
692210
959004
414016
895543
563646
963449
627337
321834
616055
237275
307054
936769
798654
808029
908905
816606
840043
655373
227124
138501
490884
443223
316775
875414
637301
299246
306920
14976
804799
924111
585578
56204
375919
913193
984856
855404
794834
480446
12241
934336
949875
400421
736506
612223
708221
653780
221781
567012
527200
634583
389908
903280
932553
217379
707853
252246
860380
852543
708400
935116
508182
647286
43805
664238
960922
352792
54155
625561
982085
628885
450475
137602
591315
18529
153006
788010
969505
621584
114038
466492
354404
895497
989280
469749
914952
431682
385556
79620
22590
78867
861201
260048
672477
847821
249876
872219
56422
796719
934739
118537
829305
316349
306180
627967
770340
543269
599262
930008
16261
185414
392297
37704
669806
804617
634248
685588
410317
462425
973001
214300
223044
671475
356110
534415
944721
971546
341737
817998
377577
996892
721049
143185
943137
911786
511524
642976
361227
555995
616409
955191
638478
490204
755932
363050
75645
105814
39036
791228
856545
558070
515659
710905
63265
596645
886283
615657
687239
700999
119180
647005
881526
462230
553531
845535
560993
801060
163369
707990
88359
750712
35290
529980
331409
885622
134997
984216
153365
938808
767585
886977
225161
988592
242430
59060
574545
365227
842144
553216
749001
57523
435565
626430
230476
503079
711309
328484
194048
218244
681319
571098
911675
320630
363418
457323
67974
526087
524488
724816
895953
629973
87663
366128
235398
971500
414884
746021
822809
34835
231057
548524
266181
442874
285330
939927
962194
976739
49193
566142
364950
501352
54282
170215
591317
514825
231683
397662
565585
306124
680997
320746
403320
753167
350470
49267
34506
975998
184055
240079
468252
316804
378521
132496
506117
699764
214570
319555
32536
938064
365152
223729
275841
680038
91382
597704
29543
121448
215020
550771
309193
34379
231632
719811
722388
703056
606352
112121
395233
343697
25751
108999
724565
741652
187570
622795
992773
630487
123842
349206
248444
783869
953332
942750
433928
90126
831295
768042
52616
221079
114111
361299
749335
741045
295329
118331
553395
408826
378236
228567
922051
715428
493464
238686
16151
129276
434143
291496
112758
170525
382613
467921
910281
254538
361833
176394
785921
237245
666670
975389
179367
271422
528568
74830
427498
612915
334706
37192
826771
971051
707819
751280
776903
265481
200069
989697
110593
862200
941973
168916
845605
973558
918391
737240
564162
225784
608340
262768
722139
212844
544578
400608
171136
523144
767477
887422
140697
519129
278616
661844
585536
984616
798951
878215
760124
828465
46453
899855
868350
228867
187991
149898
487268
777265
5792
961737
159720
679697
701919
271421
701799
579675
370892
662188
23947
821919
236299
580120
590549
235623
841328
112655
25980
743441
107302
360953
171118
145795
741017
754780
358381
626307
688856
697615
746958
688302
321755
516873
552076
736369
924775
800397
418553
579925
601515
761118
411421
404684
898400
703955
557710
582558
37152
422088
568846
642543
750811
609832
318073
968423
139546
232421
902918
871849
288726
112769
972332
201066
553638
342162
716748
105902
389645
425104
274088
771103
899388
957780
286511
239458
510461
568823
396817
784112
118349
987342
497118
743704
510818
689631
98087
451773
554726
625250
727992
516517
362432
435329
640226
823155
770346
181439
775107
29828
398091
818843
741120
124666
746329
73968
477565
793163
493101
530669
529854
598657
617949
193381
874516
892549
425338
411187
226886
262857
479599
293153
398177
632081
854069
395620
745576
684628
781167
692121
158398
904230
624084
532375
694115
415265
23964
598047
103810
614533
637375
688274
144537
478046
878550
979790
450315
867628
810487
680782
967453
948706
818432
576565
195340
873934
905384
101305
447647
5125
736925
605504
789113
537297
946672
76397
878876
883029
200499
880570
328910
168349
809551
596946
580618
930476
839895
105639
977865
389654
688072
252838
568437
213536
420076
334370
367068
275605
324388
519392
130922
694287
766985
712206
228600
234274
744130
156655
453032
34631
821103
449208
30292
710041
954365
782994
144381
839572
765426
740828
806270
427825
389412
859738
760718
236729
276386
273672
362737
436326
377250
734480
60665
527882
948008
587557
183950
106026
410650
749387
422941
443666
607756
83585
271204
972233
944792
841605
205139
965701
562018
78383
81675
142756
302827
50901
655003
939662
627598
970908
140365
680931
669967
222414
897965
451581
986665
862846
703117
44720
367086
790831
574508
744274
822404
325318
795883
884454
272538
989341
29533
819410
189157
185088
243716
686389
168466
183295
296751
184882
660765
979001
480219
837901
266238
903245
826430
710170
826351
986612
754109
327763
887170
937670
498781
656627
381065
967798
804927
858804
625402
313614
550655
93282
475004
983923
412414
122303
244779
207314
481556
272574
793375
436716
659880
76977
307830
503786
280411
12499
213541
376387
11174
760752
216254
984368
148378
765499
84264
230287
591580
71097
108284
747058
23769
965374
847583
979893
164900
305653
21160
359068
156669
902395
269640
407850
264590
681801
529538
558333
248753
305217
265212
938542
721044
155796
166153
542754
368135
659806
359628
750096
571119
753890
62217
123013
715527
162354
611974
424941
529320
164037
24364
144853
839211
972538
303210
460666
945920
556113
919410
219335
185452
154811
819324
858095
166502
100960
378190
877028
477800
453535
812624
528218
830086
297154
993694
73647
294631
692603
944330
931583
891861
854517
901527
174578
294817
460362
313814
795257
615194
179543
971798
75646
11574
54959
115369
218964
576403
414916
957775
592019
948781
703667
654084
798071
168865
60679
342952
64261
28982
35486
264876
301042
96655
5603
758290
506380
372128
760740
536279
169083
317345
112840
467877
355334
230522
715815
168457
302730
689379
366423
590452
603078
142041
247124
917071
649266
503242
449356
104488
348838
753273
646244
341057
540952
764183
32404
840907
149809
949805
246246
674583
339164
191520
555342
182968
506393
758196
113274
906569
909214
766905
301611
807217
339071
515777
860808
407867
322725
647501
155540
464098
36907
160682
705958
751505
764383
454532
256323
11861
690133
212958
43187
407383
51723
792792
791362
517289
701943
271568
843171
140502
51693
609918
408260
945524
730096
672149
756233
126789
425100
67177
257163
431408
314861
274476
159165
675649
903586
730788
649579
965799
705996
376331
734909
724453
637215
485023
374487
924428
997697
67958
773408
237675
333413
961930
459990
363114
650063
200013
556170
742581
257827
58575
231915
744290
44464
492876
96634
838758
586312
795514
676775
886072
517195
182843
303844
493622
777107
628589
652156
542939
503608
959451
186291
981154
333836
219633
436205
210037
528148
591972
862993
6595
688883
84135
209220
597953
902467
878091
610679
837562
394734
61207
992983
620035
77217
925130
711834
752258
248854
825563
224433
912435
529389
411622
999377
285030
403232
279289
875463
476374
577936
626299
539253
12481
22051
649936
171295
68679
713395
138571
224792
881971
334155
882492
593206
144031
859441
251843
958180
260013
789454
728127
451320
83690
709414
115979
129177
173709
338720
827012
673182
987183
970382
938734
624206
157699
792320
639133
992747
546632
362774
201678
259404
559256
588673
68470
299352
771662
920034
587514
352774
180514
68957
820582
641279
951468
990788
853688
925208
316450
493828
616399
29717
375478
563877
658502
511053
558388
295548
630819
684820
696986
527092
878800
530082
896815
763609
726294
45089
292128
210651
309465
18822
257582
150431
101239
83728
325646
812450
325650
913536
18291
425555
428718
667809
428090
789669
124257
627742
585865
428325
504319
987218
50759
923008
912860
464213
561936
926921
378552
7994
184933
117883
940603
608036
642418
403303
211869
200606
452839
298766
393558
901240
855672
949484
18092
909457
202896
587325
382088
2154
615610
752049
168242
929246
340072
92892
346652
95229
352806
989132
198709
928560
743365
92568
490489
899537
337481
137513
228526
431059
687016
513093
705875
941362
520942
316958
169230
413321
137588
772508
50421
758445
324232
46906
873453
715715
590972
294268
6363
628557
492958
386277
396785
994276
27453
905393
456377
925738
45065
718072
123398
176064
660358
239313
188431
404434
468161
870225
922392
302388
101281
817653
97970
832387
854710
834084
852530
446649
367397
672102
808428
245312
542891
882606
805394
447213
169136
249891
368354
356556
863978
296527
620493
341126
901016
311795
742420
780741
954717
553604
922975
635258
758988
609622
866379
975521
264413
953458
130472
981902
61563
223957
38707
401296
878154
324507
332030
312600
8577
204926
183352
230254
963050
488529
993383
40455
27901
664831
671022
944747
965366
525429
240765
113446
668431
813291
692643
866761
187168
283807
587828
777754
777869
104302
773726
546200
62724
850721
566027
171534
99099
431398
262472
74921
531695
572570
714536
425362
182556
212995
805064
893834
656905
152520
997912
501134
817450
32698
690956
902438
403367
757328
203501
204458
982871
674404
380324
244321
348453
14216
208327
138467
401268
235434
415412
562801
777078
949266
584739
164774
604624
495238
137944
284664
550104
465920
314437
742019
476180
357374
20531
596614
851143
508524
893922
788913
733922
942502
102963
107171
710192
616377
354284
804725
559628
728309
137771
474786
509206
648212
575076
533027
17652
239351
975060
823837
623203
289283
203793
666669
930150
887870
271900
569718
394195
39832
312219
566328
711927
612220
814305
16811
885755
697468
973683
216906
124710
573453
756821
623005
680555
70006
421605
885837
810018
376569
875328
791621
544190
258821
876855
764150
614783
434618
575914
707365
393806
889531
883527
40617
62952
296428
42062
843288
168041
464473
492502
487631
798227
514304
814943
227724
52323
291161
470723
987661
667882
150757
650736
574535
918800
652276
307930
796208
220399
64697
982488
937693
331502
594777
759956
804643
486061
665279
46402
819064
23417
835949
108896
868392
199126
895182
632008
180052
727137
960591
269409
763096
292833
355617
56945
874940
247400
470749
465442
791821
58872
450494
260949
632695
744160
491173
349192
337966
862326
859742
602396
965625
919981
744390
428685
889574
922769
290168
343729
430005
357316
58061
89337
45097
840468
149282
512031
590467
110820
92947
855913
410483
957549
702653
121081
575620
84378
156249
309388
884954
425530
167487
368566
559387
347102
212797
205930
2531
215750
765113
828781
522782
955467
524429
109370
573698
629233
864614
233749
718716
65239
330516
225588
270968
658934
842305
662990
944294
428207
592387
590299
982840
312612
347739
157504
722275
256546
831600
164812
984019
202542
852436
881650
135733
639340
810859
532132
355124
488451
4930
946300
170458
777868
584469
645465
152265
747531
514667
449698
142841
641601
95214
802369
7472
274188
982289
112554
744343
858241
783584
538058
757254
402702
405180
987735
790730
705471
44211
730631
955839
390724
742115
159156
965931
817047
541502
630108
28278
287081
791745
393329
425018
971686
834114
141300
891409
803098
531240
87709
307191
646985
513250
50398
461677
797175
734908
100065
720384
111232
198396
951450
831013
416239
470059
950993
260667
447879
721571
925699
173055
240374
111343
907975
971116
951619
164277
502287
906995
357149
685381
53017
483617
471482
699926
642361
638154
352959
556635
852104
295470
353646
235188
69932
134833
582907
207079
531197
456282
763458
572847
808791
60066
341553
667871
30194
221336
836697
988669
166727
741271
179386
574768
714369
343563
376935
535714
192936
649417
538441
930796
309927
104487
157436
337875
892910
590902
304081
923829
688214
173805
487337
715610
712562
814622
736384
626574
49918
20663
749464
947509
802110
471236
864694
782222
120607
641857
881655
599672
561888
714053
442693
574601
686936
898053
959462
52778
560405
175580
875964
736176
357346
607896
505377
916797
626367
420552
67112
137827
480640
747076
553318
666490
107026
605983
255741
210571
511761
73696
439523
331505
244561
782439
49203
376862
159267
990498
597244
237187
32439
724112
714523
101327
591271
472637
390722
934464
743405
745373
729752
762539
685570
353548
721261
747410
719034
533542
152285
891957
662150
4658
350717
126946
518354
441489
416564
676344
862820
375356
789500
776108
37235
289448
770255
926125
319649
680967
342905
831375
519568
899320
384767
979495
525143
355579
456062
545376
75348
963439
521507
67336
83380
749682
717302
606415
392236
316128
659182
833244
558131
249553
363721
973996
533868
342983
399300
943561
273360
297908
252774
705991
864367
428749
582907
839774
225843
704579
744498
969966
71715
637225
559424
602794
221803
361201
172966
33400
344863
712110
883513
939259
245750
790905
685606
13283
955110
605036
846501
501152
144039
724990
577639
69439
54958
907285
461182
810964
346892
116984
13880
189279
604330
195582
701249
715662
299111
247133
578540
610225
959098
746656
420265
289149
299788
11867
192683
222859
84027
180848
75568
996828
747527
566875
424091
799213
67358
970754
253129
119074
174472
992416
964650
438949
607892
308375
420769
127963
915435
940513
191383
777355
324407
454835
838240
714383
895326
852934
383725
569515
806089
447840
313625
312492
565737
725964
234647
863528
655284
241343
488448
78978
961255
333276
633294
99823
244323
828931
781880
769687
252717
806248
776065
972613
837766
944401
903253
993477
507804
375446
775738
469334
537504
242855
337143
520527
310773
709461
312308
179189
913428
282737
967448
196234
57363
635846
893720
238226
653119
123304
79547
382514
489093
989944
596850
362904
929992
988737
474274
71586
150966
852759
669054
92829
122601
815555
403256
895520
918716
612646
784562
493870
636319
263230
427621
447977
641855
259480
583426
735636
781180
139854
621620
705731
217924
240675
924306
705728
243849
73838
586696
403892
651591
176885
374065
67018
196082
343610
796205
534551
205905
430839
152738
166360
622626
937334
23144
384336
949502
417703
420163
58145
734727
234383
144109
657039
449148
389629
304170
84556
766132
716352
827840
814454
243383
420736
264389
629800
530612
661130
30341
100800
626881
511774
222461
586301
291842
587294
794587
564812
281501
86588
856383
406408
485946
949299
851478
118371
928858
371884
501715
13787
624309
16812
821124
22469
350044
254087
694212
126284
717909
249879
466515
616744
873615
724204
925582
919593
386968
400340
357895
266646
6435
142603
767487
145636
811029
432721
207878
202072
29399
68014
930502
865266
302804
232613
811758
213323
135650
210586
79004
486985
822336
890785
653952
27256
776151
129047
934082
386862
386790
482152
26634
50427
437082
832800
101402
10637
894896
357762
148861
543314
282352
571409
677543
703745
754439
228122
897117
403611
582672
43690
491896
406306
497642
440278
867005
654779
575705
789959
823946
687668
820199
775210
406068
699032
613912
24937
240797
276275
788029
604580
637627
230552
152109
866359
64876
834644
627228
532366
250008
885695
823499
41935
406131
60758
131301
471042
895534
538553
782869
367451
14755
151774
615668
814379
761281
73372
518463
212059
56605
99833
206385
893381
811371
514681
133090
772795
955268
104742
611999
292295
893203
536510
416621
458188
767614
316573
108064
951335
318979
978511
330706
510591
655955
866984
129091
697596
20938
193925
726486
324172
634882
665945
943741
361399
481454
997096
211455
122211
531546
728110
732026
287890
134217
386213
477779
651309
991664
208990
834832
423111
484866
674499
477653
283280
873256
398279
375618
524285
346968
931169
851933
559172
900335
654308
160430
273404
184987
142039
467638
999829
621967
618870
804711
942627
481160
464264
529509
78309
234238
948662
451113
448539
146405
112205
871786
703246
970822
757956
43232
835571
358756
537490
736231
930067
200360
930079
176984
361577
541007
306930
368440
908349
816672
888572
247115
850561
275927
762120
516214
951915
997409
814096
525021
298239
461968
407078
611578
315169
306933
149144
759235
377300
857266
287830
544859
389112
350030
731918
251039
445422
490975
538508
847981
434381
651845
821633
20275
413280
754000
609985
549541
660893
169747
103008
10219
361885
843465
183406
137052
969310
98052
397475
878897
762846
964619
602529
432597
373435
750923
251780
417582
729692
129233
515494
540355
878993
549950
267528
785134
811340
819112
208642
162673
331408
610327
568744
371281
997399
812020
341610
22685
801851
208923
677732
959782
362244
909869
585233
595305
378731
399606
259377
817317
779004
648000
259573
587879
514363
870193
502056
411694
347205
200990
930591
962769
189011
424944
990894
274785
988432
111300
410455
935499
571373
113746
325285
678151
420823
904607
985234
644101
50546
413439
464573
825547
450916
305112
514985
897737
293431
355302
831167
448967
812571
472848
698885
672473
773057
951979
228343
972961
408004
66117
100843
11449
363539
322153
926198
771596
466023
702920
37010
14932
898134
545301
339715
448368
740953
907898
255883
198869
812700
194838
976114
824203
483662
126679
975483
302758
452733
584825
85580
697748
676223
674949
848801
580147
626870
231737
843842
838939
327047
799908
666834
830072
683581
322827
213045
149264
2200
586083
544320
969237
656367
149653
137632
787927
517792
701369
606859
813246
32932
751963
758590
230456
209916
145344
755203
952087
335714
878639
604816
838691
473412
268813
170402
860542
233200
656102
601562
709177
18635
885664
161811
978529
878581
327827
460906
542306
333855
154500
811854
208968
447257
645839
860525
296454
235458
459366
319184
351492
677126
337100
615118
396986
460940
983222
199345
885428
427492
317932
501417
729402
115345
739233
496919
878576
87473
138864
60160
621538
645997
549189
842221
343457
401417
808424
143737
917451
106402
65342
237433
783869
364700
308326
85901
518734
266731
196475
675071
745975
431074
734083
507858
408025
498198
442212
178976
160416
556416
403804
293957
679600
376790
364653
677164
864140
235151
549254
148242
931251
148605
598811
478712
826326
220234
545672
50082
879321
586470
528550
40905
353307
878379
675987
760413
56593
393735
935053
96244
435566
73242
777857
839564
769824
188511
62011
490322
399012
645427
497723
110236
775548
217403
765460
191885
574483
822618
696534
417515
619301
634162
374540
794581
229198
776282
384535
242788
85184
27218
509082
973390
879430
501411
460241
421558
546800
118898
679407
227422
869703
795324
334636
333847
104152
986661
626064
57018
79702
203865
787930
428326
462576
748423
364382
658662
901385
112789
11512
133358
964492
289908
434855
338567
19408
838474
339299
746796
674044
816803
634092
705121
211269
67133
382528
734532
899679
984954
916025
21796
526405
6523
321650
509406
3697
535598
750589
382823
118270
414304
745330
972762
131979
585375
424982
113398
518739
826494
70746
503962
693397
165817
623023
354949
708987
794914
218996
881201
322181
985129
958359
366368
377349
379303
846185
410301
803908
510391
300530
856757
601878
997768
955552
746321
321547
418518
356353
225857
432832
101381
310838
100699
281791
192731
149980
658945
858282
802176
795897
861748
746800
329651
610522
709072
944784
126807
775532
974923
835816
55625
409541
670732
400127
704700
313734
700759
842420
169192
401633
1470
182548
309036
862778
710767
774611
453428
33346
928066
211498
553760
782808
153417
524759
849300
496146
663327
196998
39597
130965
559621
850208
593163
894296
731699
551262
812005
863156
469118
13518
347937
107577
886752
565859
151115
71649
141867
412350
913190
981709
654950
190514
397020
209029
534317
10934
383253
299060
564277
816646
588396
682141
182516
476594
485483
549816
395876
815495
488435
584624
214859
79211
477366
122671
187423
570709
907380
552895
878798
513419
370424
586754
240513
776103
765010
247086
163539
384442
943798
471939
508740
66106
349453
266103
831038
293558
754255
918319
511685
971607
332035
581901
342265
834674
697635
872473
961181
829541
633332
545009
512820
328898
440953
827091
569397
255849
2725
374588
437088
59148
647178
253450
959597
948280
79984
2427
841925
180266
597609
826493
219488
10141
365056
453603
109427
122014
760394
36866
734738
305931
522896
605317
550120
551074
302705
995310
843850
93865
685297
720884
823940
906973
801845
153841
241895
155325
24767
192398
238385
411120
39074
413947
630784
501780
120721
484270
614564
962267
744621
698742
779649
179931
452220
870802
575549
156545
174939
77127
415365
189295
746852
775191
241523
197941
774492
498882
354480
573634
575575
750125
611814
62098
860523
800110
426729
610368
532887
387606
622915
386324
818435
350998
280443
254210
438209
639582
424682
894832
138032
317704
965006
977748
775517
724467
321635
471484
509133
616328
608319
702912
474792
510188
104486
16806
972031
361829
391121
791316
830247
40372
890388
313028
929787
246132
720914
108786
899575
962201
534802
252455
724378
894619
283857
596220
389222
582611
921257
623037
43323
945148
551827
909410
932914
66157
793382
541345
266070
288889
594219
994208
661710
595021
514192
69395
1753
823678
609401
590004
786143
401860
255443
568474
386493
189526
646244
236804
697075
994672
269261
88862
460874
649520
190953
158895
587102
709909
819816
468592
516268
802307
376962
300892
907334
794657
837070
27287
624021
976034
597774
695514
947083
172419
205182
480872
141471
817673
364757
437188
673307
356734
984383
826480
804009
116738
264189
126486
104084
854627
984335
598204
854635
586677
89175
419796
643710
349678
393964
465593
733730
586771
902383
652749
119244
591023
7007
763273
214592
23997
614236
256813
57749
356341
578648
640334
470383
18042
429158
71348
175197
583732
702912
120390
316153
954706
432677
572803
318996
850278
176909
836370
489366
242756
143470
418664
680677
296724
754303
226728
31438
144826
20185
642061
218187
408175
512197
397817
482431
85
613053
530847
35355
674183
779621
245463
834684
40473
136088
543143
856973
397273
632136
990240
604421
492308
861351
637480
547883
904092
872861
975336
84215
259416
620848
936852
335859
130382
487199
552810
577965
292327
705087
971898
82354
460967
606174
629373
965948
426771
615864
798804
143170
159856
637119
128905
963391
819565
621173
568275
445723
69053
926576
68032
802172
842505
791565
526361
134610
154890
843726
530512
166842
680170
993511
281866
96754
306691
502028
316564
269144
133361
912027
784294
943696
821906
54092
215132
551223
982496
420621
566364
166182
873518
317911
857897
403103
526759
587383
167271
149051
535576
189780
532016
346670
506174
684115
333229
31404
500721
965753
171246
633253
406774
336093
917683
173665
536536
36475
289901
57315
943161
149952
202130
34107
913149
250251
670253
489091
788825
622037
3824
7655
671081
315780
323622
955531
490736
847043
573613
86848
926456
336011
520487
154559
211278
387328
733726
256510
647571
891574
784609
255070
785128
15036
824645
73600
319014
942362
916644
834643
701675
73154
189729
560538
288414
265644
529765
305749
773226
912208
441692
577182
882866
145567
30203
12687
801188
565657
908114
46176
527987
934992
752027
785819
894811
104637
453221
823465
383733
985693
334988
716775
314624
666470
290328
891834
549482
281309
836839
84653
790863
79104
70550
874893
484839
218944
238369
896121
264768
719679
511183
9869
832554
822594
104008
682321
465933
186272
321308
488419
508159
988969
701302
207638
44828
797146
662357
977566
944998
382171
343124
363014
826169
700449
992041
297914
1118
281049
583978
159064
321520
668915
493446
494197
739219
834940
596823
125360
279208
323236
828979
669669
278322
516438
764021
311825
522653
248768
425961
511219
411881
460997
296523
34270
176142
996509
513520
855484
828118
602636
526286
147351
640756
971533
685944
768578
522386
877266
464140
96119
847095
123111
129970
695025
915404
893
907558
217286
950586
223742
724645
696571
394604
915556
972270
189650
175040
943417
470783
383291
298240
565767
392456
962649
553791
95864
967478
223340
790596
816641
499510
952882
614750
233912
805248
315949
171922
65029
503744
959885
23132
122742
940048
710405
974823
195573
231837
33252
500964
765802
861560
659865
988177
401146
712625
746022
487926
452570
453803
213413
426817
791926
532140
435623
40341
544554
919260
545836
330305
852362
257548
756614
795990
109641
21683
456705
36397
176542
463146
882036
47008
323036
457003
789506
668328
621754
64059
113184
343118
547051
446693
790023
881167
465977
720480
200237
122741
342731
918916
467235
83214
1842
143053
571998
479288
989601
4175
596386
101277
986575
505816
206130
575612
959321
312426
194995
817008
578140
937653
190637
30425
166677
368548
708090
706070
543779
14684
724263
650606
693804
500440
704560
724742
419785
676478
725656
22935
423083
986468
369192
485877
864808
800655
637829
650559
420388
411244
826660
625057
716630
981149
566963
994525
342345
363832
518078
695326
392972
471345
741711
746902
15922
971224
301268
422452
791174
791279
698135
742921
322746
674740
510778
747937
458974
195179
183700
93116
781736
566338
456646
283225
783412
558447
824954
252484
595890
569969
2120
294315
162476
460052
945705
623468
76227
851433
809778
803287
405525
91718
364281
658602
948772
278181
412824
734062
160238
283916
637481
371159
95126
432047
90438
480325
645442
320156
623733
330611
283731
751352
186183
796188
546938
439794
428149
997193
153079
614858
355765
981729
110961
395657
881431
753565
792746
987655
132845
382332
45515
237104
748818
278788
969909
746600
811533
763325
548735
895967
208778
16574
707611
885858
937710
544839
88291
27296
544415
736631
443322
611345
364890
451454
671908
448182
855268
122243
44815
954752
168522
724097
297238
252913
22565
658291
968448
389718
630934
37692
204514
969255
516711
909923
569372
437009
818614
593990
906718
23954
393622
620266
490746
939398
137624
143307
277241
618125
473643
939340
68789
522322
292917
458623
984305
482361
813393
887977
249422
874559
353072
847418
949704
400354
173796
123758
474315
27862
151488
964172
908548
150928
776547
925937
516414
245134
411206
149528
484601
421660
287681
991680
13110
127071
144116
974676
335579
818355
311143
793852
510607
939631
727046
685535
6171
873449
165787
769479
896302
51659
887600
993328
406630
518952
669715
780461
99344
666606
422942
830794
387056
471738
331094
20027
574164
732606
686067
544670
553449
539975
120674
20952
574974
651952
688675
709303
871635
253302
677986
508213
619431
794995
687595
820690
381039
488170
96084
290923
17203
653809
400671
748928
782806
946417
17062
702683
572573
453320
803702
303878
745566
131443
988649
949723
165446
674803
647083
217260
820340
233127
484349
364312
269059
677193
717253
40124
875589
67002
581862
88390
356360
594668
381634
241470
411071
383044
930849
901802
271551
573421
195750
234164
869506
613994
124131
440360
589341
758623
809028
644609
419029
130719
200729
946921
545879
784039
89170
511115
584286
536813
488408
986281
382965
256067
792305
765397
137572
1136
482578
92171
23907
27374
797788
29272
977200
618075
878184
42396
686989
777139
91030
620548
70412
272550
333772
194968
97718
671374
347290
241312
477427
295153
164885
309552
948049
327642
718585
491531
318618
889089
258544
154703
719499
793435
703144
701897
867731
550827
758790
687554
181009
622362
164943
623565
512320
846779
687123
686239
649387
299979
395152
267021
375289
796337
190307
64812
974918
505939
22315
574648
955774
642955
502490
656005
545507
858632
952185
317043
158524
367352
253628
469355
573799
391797
7609
155722
499781
368642
231226
416303
175763
370031
832686
421063
371049
979999
177451
989797
980913
422629
258027
678123
852160
795148
581515
718741
617638
671740
723917
827654
815308
931846
935657
357977
968451
682364
23980
62274
272282
575605
844145
663560
743372
730046
51828
507715
231078
365151
812577
905049
579493
560321
929859
545369
634492
702602
147907
198593
950795
535727
391533
402245
248042
313335
722842
473574
192636
573834
814724
582441
903115
102298
303099
138637
529221
233032
25831
106525
791044
633293
578893
966732
311511
981179
729749
677505
611190
187486
432890
334566
752426
739170
126330
477497
702442
171633
959878
957045
620555
58637
590970
564335
620688
749930
498543
472232
650705
980079
335622
255833
861775
626886
475377
739493
538885
321523
293103
968840
363954
289420
804076
794233
950327
850097
342637
178727
445335
540473
78807
720771
312553
297522
200660
366324
820446
145538
911520
900351
95419
468014
12940
532200
482562
324660
481005
500442
723970
601573
816781
31147
445760
312130
137954
43476
149540
55459
854113
234261
627554
641596
290348
385211
207226
33857
468305
117633
720134
295688
519154
177828
248601
785016
994816
633431
742155
180469
995510
63637
328425
543342
207225
685058
384393
671498
230533
596529
662683
655864
371274
22026
206883
894042
532085
28410
709746
208282
662082
333317
707017
318895
982502
281783
335606
548809
952556
123170
969651
484037
273271
178205
965870
272802
891227
98119
873290
680815
661701
200122
546048
144860
651840
45444
237938
672228
714312
838792
214237
842429
205138
51081
743255
626057
293025
100612
564253
16830
341065
989041
684573
162513
243000
348822
437300
542931
103875
440152
52615
488748
747029
66021
544491
470882
618361
603720
606296
37892
741653
870827
561667
362484
10574
274960
502082
977840
380681
8390
825997
818563
11207
555468
59564
82888
167925
870087
164660
557151
523448
345215
754621
535230
273521
831828
928026
127250
487556
933851
512180
373495
167415
766016
587485
365601
322861
922422
897659
875189
150888
910457
152430
583842
5009
827108
824323
66041
929879
90271
376969
137859
759534
444618
290826
318912
424890
59199
442026
406180
234383
74916
829420
616889
301219
685929
165347
317705
649901
206032
571061
297742
148032
716816
475294
267463
449655
956201
821324
697301
974397
441717
781952
710798
82114
761816
347994
202084
755777
353235
330437
331262
536703
132850
205375
819424
222664
814669
964108
653444
185901
885389
730075
2038
125991
751085
155361
765956
549191
526415
661201
844813
294826
857114
135511
910991
926274
420160
178080
89891
485083
299840
909969
444767
881379
464602
917001
633822
924091
147683
380654
545440
798419
872384
931436
693015
212621
927876
952687
476866
32493
776833
446953
671521
750885
497638
21689
516586
771710
927166
505543
265316
885246
937101
894453
500521
136936
544858
805139
796860
673520
890808
124522
736819
657334
614113
492379
45726
929686
772919
416208
308965
726022
548201
726545
138866
74202
13594
699094
432300
861257
459452
943336
20163
644617
758790
583427
721284
675344
207197
319849
288522
339023
469002
843451
354059
212959
612881
670783
508878
466571
282791
877596
142802
913486
665805
646112
500638
937385
505353
263598
109477
779948
459931
943277
968666
128156
655025
821825
112979
682342
278276
389458
274662
540388
522910
72886
17188
351372
173953
399614
216659
484957
269086
581254
539851
582218
928113
557797
691247
23239
516732
813939
328450
374196
110866
996462
255770
429378
586257
369240
507408
316783
159929
835595
954239
203050
310131
869704
792231
542099
387803
744569
983682
823012
213909
683145
472926
470817
799258
149439
648419
926618
235216
21468
334458
487706
661610
854513
210797
254657
86828
620204
383347
788726
287921
624351
684574
697658
373913
808409
379620
426873
777604
323829
254556
323813
855564
935880
328332
978603
563342
955566
632758
645453
773751
240182
474736
197216
25877
546322
136346
562435
391769
502893
121953
706045
224139
494067
749416
218325
905
382880
419415
186022
689668
644654
491678
727048
206143
739159
165234
132987
400370
457562
389939
612829
67193
286991
937299
355739
949306
253693
767430
792857
537894
903096
408672
201091
65915
39330
14507
37580
793949
593729
500453
867973
924304
252929
47458
867136
653422
66624
220873
657535
506942
435454
34807
153293
210287
470771
314056
819122
220174
787639
393852
259196
834668
611605
333432
388672
220196
102520
19129
243318
706100
246921
11517
860275
261958
663365
136542
370105
658149
995739
38110
205377
381128
948339
152744
773209
623614
383072
273525
814690
49715
975350
198534
565805
426387
324248
455428
733657
224678
877407
665592
17142
64032
965072