754036
836550
116894
717581
670487
871944
668286
160372
113958
447350
301753
799973
824280
12277
596781
13748
118829
886573
634098
335458
147667
784408
251181
247975
393057
442437
912323
21443
282333
205151
24045
736987
585121
93436
2581
954926
383978
932148
830742
558752
149424
356788
821427
619916
610388
101352
302921
527559
84293
518238
871945
130669
283534
940627
337380
29471
584680
358722
312217
404176
449873
519367
372122
568834
88930
742714
969008
939206
971831
440578
323668
302027
167372
584105
305648
164502
184229
62344
628928
203778
956711
449016
168379
474727
439961
66140
433155
761186
997357
907692
661546
712050
194865
379777
189324
532317
280285
670268
671024
427047
115500
328206
456246
561810
462540
506503
422414
303392
726935
376326
271420
376882
290782
187851
817802
321581
912464
338558
995844
997807
93406
571732
327229
993300
861547
922693
277143
828895
668961
676268
386399
786208
986578
773900
665870
250974
483985
554877
567190
482124
678688
270845
774927
29553
142239
410683
800378
43380
398185
367351
859762
590365
631882
44826
863055
357822
922999
993939
515220
741689
901156
218057
582470
330161
977453
760491
230810
21011
485942
976725
425570
260190
296713
482230
299600
260474
212096
519330
787967
178623
757123
460166
244975
335591
755966
133170
294189
770226
725485
555422
978853
109873
340231
301959
36601
480456
804340
100939
5905
188500
542557
415545
566739
975385
982342
627605
154364
981863
152867
884728
542793
265077
16304
590314
966519
620155
703068
681995
719595
183942
91079
325437
675741
694442
540761
985771
340317
923426
218557
597816
889022
839376
684391
420252
216732
989308
477203
578109
584842
15902
569984
758448
891048
166581
828742
955788
198659
951339
622307
362843
452093
556254
182685
412744
969426
798807
539408
111101
910000
577235
35066
525331
671207
663872
985316
936105
344975
391112
769173
198498
239235
301351
76472
582500
364304
649918
404005
687822
894828
517014
402818
518861
912696
266202
37530
480881
186672
784026
177937
783547
712536
329915
831545
844785
764178
980119
220714
217280
292335
600744
277315
975455
497254
220062
681063
564723
411032
733561
614501
833943
199426
742192
105943
889352
962840
324572
5692
704376
312367
155486
812470
308261
8952
10156
514323
43310
29363
826751
254315
130688
413921
504317
61410
12497
436297
741861
207685
109965
858735
139320
968509
724157
466452
502053
898048
611207
285214
139081
167355
131820
265589
603248
229002
181152
594013
729646
573506
51109
474892
222175
178999
370932
411218
23497
430679
629316
832731
452371
166332
77538
122079
262902
702881
97177
995522
880589
681273
872610
142595
894202
334012
674356
562489
95734
702162
665683
258420
543432
95570
413085
261766
977790
477528
880387
614188
122481
724309
565273
244726
396900
496702
754108
540630
527274
382119
919449
85348
499444
81318
73775
852666
625301
480556
981153
294381
199873
377473
233676
242228
752996
567228
852543
386043
306375
784254
383588
319296
690372
989711
937275
806382
359873
12894
678352
117194
150037
732220
671060
272477
968980
396531
123668
400025
711997
967527
318602
38953
363261
540434
634208
273506
106555
168406
676176
73642
809555
584319
649817
446545
292455
165385
297887
156962
922866
73123
605167
580053
538417
428667
11576
368582
376256
556168
961950
635236
707732
927444
456791
275091
447506
995374
266637
112945
649843
688781
440417
308007
862577
606844
811033
160598
961589
277108
421456
991761
778808
116414
733074
515201
728957
287499
556621
655756
249174
400879
166129
947080
549706
284104
514294
745416
670338
421333
832231
457220
268694
513545
702875
804942
587040
199823
516315
693937
786179
684177
420715
43812
198147
82203
972685
69545
881788
258601
291267
659315
394584
189925
383733
607073
526030
241404
684648
770205
577173
979249
515251
22877
741640
940655
799993
155167
261331
926370
474942
865927
535454
791270
496230
333998
5125
930538
242430
197081
972229
146887
745303
834688
961045
690226
273676
458647
706472
408388
246931
812466
312839
893010
161023
126049
735711
483986
967122
655832
286906
515897
192082
729166
178501
578691
62448
729138
965551
393797
643288
237496
425009
134463
403883
892780
549506
508435
842945
989434
760030
941655
905700
614079
455605
23311
961776
948760
602197
717680
516549
521583
461843
90120
686417
423934
450103
296762
152411
162319
463721
312763
333269
646979
639204
117781
389950
989456
74588
297753
516745
647539
250349
23600
434747
46081
778276
162085
634196
203393
413489
678377
204117
202804
262112
87207
819436
33353
701977
912283
321432
534724
928960
852536
106165
131256
473022
814856
872229
709227
9682
680293
627944
687870
921448
691629
830706
275766
408292
127109
755878
457080
827655
245021
365910
799419
676241
941908
42403
323465
319424
131090
373539
909188
299478
774240
289383
619129
261624
392454
872390
207840
546252
160093
100758
714922
324324
848644
454732
970915
440097
462858
783925
937113
428456
485728
683832
109417
167677
207513
324474
124215
328741
716093
510382
385155
803455
268379
529663
587465
950394
664467
852258
182799
235203
816144
254569
341962
418916
263916
277613
95192
485686
477073
730336
793520
902495
196212
108599
377440
879662
311833
228634
962704
39005
949218
909122
27215
852511
101339
263351
878158
331573
763996
208121
58257
215285
569595
33584
79964
572903
971602
888053
458031
226999
47976
51254
128717
630034
439874
558524
219775
39657
91588
752646
462291
872592
123618
138726
915736
670496
548530
996888
878227
119735
417688
802708
444083
215032
982688
945344
185635
817922
28813
773505
328813
944694
961337
896763
257796
126080
424929
544656
925174
455519
679635
261202
12281
205867
306562
965903
495853
318790
871749
460257
103834
736752
709443
312261
694570
393326
535892
234893
103905
998432
330513
873747
941651
90311
306292
357891
710976
628431
427916
773127
801668
844345
976699
816722
248492
424942
27051
118483
474047
937546
65704
345848
347852
908675
242280
759051
531827
212326
640008
408539
382549
853550
28824
67416
292608
221486
966
480606
965266
720290
351650
245724
823743
12351
775038
248490
572200
749267
781766
748760
119908
458716
198099
113771
79458
798253
607762
10595
555175
777208
458705
684585
441649
917156
716671
428307
783059
73671
911371
930253
634953
67683
416456
94764
483689
151866
345006
857959
702482
363592
188160
175389
729899
728126
453709
349013
403823
985103
125209
360562
525972
947977
507796
882083
87344
93213
28638
261016
692700
518662
683467
458884
386167
35498
697480
130917
533077
480925
438401
16221
828400
611153
657828
764687
937054
915178
970292
57867
62872
273274
298945
485638
262191
264780
683478
635112
814131
62273
747126
436020
53552
913029
640282
174251
432576
579634
316611
583443
527906
184045
866196
374274
591763
374914
841804
963265
725842
701630
823449
18496
127815
191183
549158
876670
659528
669519
402979
139979
493415
973538
742933
11932
912356
179587
930800
212124
718644
917741
100895
312810
952701
823934
539769
390633
927481
41681
115586
908506
7257
520186
807642
162158
252689
397111
88063
346179
887531
959692
398877
472986
627855
382135
478047
597011
587267
95461
389081
262560
287324
352831
720289
165153
815241
966099
724023
140749
20889
222165
603728
997216
657169
717388
349360
442032
700917
362222
687386
96078
831852
751768
458244
620403
806746
26514
760749
100764
395216
688335
859705
644763
896519
911541
216151
908398
364884
932182
648993
420386
325374
523102
806270
968819
772107
185218
519168
508861
882630
24626
653069
843787
437833
132551
789388
443339
69634
783039
181849
401617
264437
832163
741484
669199
17285
865090
650172
619195
725144
101501
229627
286646
298107
296436
496504
851854
350816
131071
623637
673477
353811
939249
699642
495078
362712
32214
311243
785326
485712
980762
915477
344501
128431
383537
895709
193558
209934
879320
840192
585870
116269
504445
646754
209615
425483
908909
101097
697468
680134
418988
663742
814375
351901
666381
130066
995372
706985
260989
362648
756423
801624
868632
242158
342749
874033
279752
757557
796258
265576
410881
463526
320507
682506
187169
290369
968781
108752
340145
60833
296663
283590
638276
129402
920844
737657
188261
346462
497810
999080
720338
682726
31574
313001
756215
397155
123490
247240
198810
362050
732559
910256
242008
933808
441613
587777
723468
546313
469955
936594
363828
671685
819461
785371
141400
27627
561226
713677
405373
643285
95583
79893
319830
306239
174124
447078
807248
425289
330952
791589
645931
178259
639923
853672
375121
824417
878721
95147
189972
636905
864292
830355
959884
702788
437632
95354
207266
954692
30540
145743
646476
636355
724896
688031
285992
519499
673423
933517
477743
460201
941705
876006
863391
796948
460140
333679
329200
406809
512894
976772
991562
903357
636893
803090
887784
419161
86056
813563
202744
557304
847195
988947
33595
799847
770499
46940
933542
75271
401814
956416
943789
214328
421031
575139
307581
751839
149260
591448
24481
8226
831737
158707
830797
440383
90664
457784
76729
271629
428159
517301
403899
760572
852819
243938
68911
530108
316259
331969
610630
513923
555176
640192
70880
21196
656296
299778
507757
79091
256236
509244
101103
509650
598388
112136
593363
482167
39127
143950
178435
698878
87571
18017
735574
156161
254715
733035
524197
332913
748742
371103
264166
358746
876223
402780
973016
153377
504401
49964
998876
791235
41035
659694
148302
61757
774838
880747
163689
717906
930356
523986
869732
814806
910944
571315
378454
892785
658890
441964
643065
482126
207063
271860
945358
862591
917909
489984
644143
970729
736744
117997
107509
871853
930364
758555
495605
993106
776613
955132
967493
140434
959290
915272
407868
678551
771446
528745
70147
180958
740226
19860
590827
233363
686485
897241
861984
435642
759799
83731
323049
787942
385976
534238
375140
726045
379532
422906
629016
107610
803343
350210
827591
109445
603055
47030
583019
577545
364905
468970
810828
652524
778699
510720
329796
31557
810630
793710
785934
955506
982590
117025
765254
670734
473070
128755
200614
969272
172883
911736
809485
182916
980218
413871
615745
933132
479256
958311
2803
451749
641354
776270
226373
605028
644528
607409
33453
701944
270080
937988
516562
911068
640003
711094
721775
15054
955865
365814
250634
466959
762890
506352
134610
251360
343307
314366
961049
28718
993125
299051
903611
341398
841226
948324
239855
20324
55459
288900
777973
557168
159428
697432
268652
443772
333726
443503
538038
586000
300343
832209
774878
63352
630494
517834
658389
650647
527491
569451
571775
404091
797273
809669
731583
257700
618306
8522
476069
472379
499932
677217
360513
473381
392883
727927
6897
102704
340047
558019
798235
826033
493074
918295
301580
414651
62692
221737
275953
16116
729248
484249
239030
928572
377256
248383
421852
447842
507258
196580
350203
230494
590280
862092
932238
188319
121688
960287
930438
183666
403603
565950
556207
544123
945520
640986
725810
940310
535901
180133
506712
110684
570807
365681
901349
905859
845434
537930
253595
473283
691204
471463
375941
745303
344811
459256
354660
185002
731112
864010
755766
320345
453673
492460
253566
221293
619931
356989
33388
248936
788384
84381
899931
436190
637530
94237
776461
688490
44076
733153
464925
353661
950069
765791
679373
101218
393959
632215
523233
691338
97503
904586
196224
215151
305877
248058
562793
969846
575519
940855
19027
933923
168280
845592
534498
338710
974697
450636
969149
466982
244136
826275
105157
94110
765940
818242
338529
264112
70938
147392
994865
790784
768904
259171
139135
35816
227317
304187
471626
689657
816074
77654
401301
512093
343652
486757
205930
619843
609389
243787
288572
593665
696928
898452
462302
125004
389425
454615
920381
812422
929611
12794
354322
319654
681059
662760
965175
101259
627627
609054
217385
811724
416539
524995
765664
913732
556140
981648
453969
929315
285426
826554
956807
581819
760666
664627
384214
309122
688326
572548
518935
770169
556259
527113
104881
265851
673810
943202
63729
104844
29316
85424
965085
174202
343362
512206
370999
561581
877178
366261
848284
526562
437751
33443
220627
90417
260141
981653
598791
797295
248755
976398
770988
144321
606284
20291
794983
394870
613610
166706
588036
489301
582031
384356
551666
663882
15232
39435
565964
334211
589188
199944
991434
932975
178903
208212
685525
133142
547897
88312
550563
793635
773970
19577
579025
851
162761
862887
269571
619000
274285
120291
840885
855759
860340
652174
946668
3230
920289
55195
216444
776108
836421
511089
386820
422557
36
595881
406487
450650
772091
807020
228579
50762
243336
692545
148525
218151
61949
81227
967293
902577
239627
856681
959591
108464
2010
231631
471683
816859
717995
497859
124410
102024
841503
444619
920913
924249
738380
95583
703611
104364
12731
2011
911659
649583
678380
417886
904322
507954
41648
654591
273626
158026
616677
537035
792323
867855
372828
912363
962386
304098
615938
3222
593489
23602
770670
277806
213220
287974
395720
809174
163458
394715
811919
790968
218574
741186
990140
809895
902761
418521
77511
665855
347264
897947
37632
199865
502232
869252
727181
306916
575959
286732
894926
988911
87134
610113
865386
976083
114740
487995
622424
718735
345520
505007
409973
673585
609322
604667
859361
784885
474643
674699
346543
8654
511727
467529
375484
318865
628795
814885
866422
707424
469206
551982
286412
801333
608691
386270
488726
699955
572486
563198
500536
129485
597734
553478
216899
515662
129030
605617
599883
492770
64991
276248
860006
98496
884964
896438
640499
790350
262420
933594
849553
506594
580465
673213
638786
897709
866798
335008
284428
316839
235635
347224
438193
362735
663927
444915
440811
87824
263920
538038
991211
433326
705960
784120
425343
723848
899100
789025
538297
691404
634120
492090
937723
597065
585041
246099
181255
76151
418152
956578
229147
496041
101634
956855
513943
47617
235767
787039
845564
491798
368322
248033
230851
956116
2539
965558
609997
42065
468610
118908
61551
537524
560495
652676
505466
72701
29834
288739
334369
447868
500048
589506
713747
902571
193899
934201
171211
776193
1253
186832
871596
346952
736671
931167
595765
147004
773037
813918
706891
498132
443554
36698
293983
772959
113207
497402
383211
405743
149181
780636
998911
436351
110524
662522
533203
632635
70464
870467
186690
747370
551873
994766
646319
74683
784569
757242
964399
64612
904011
923344
552709
464918
869260
663985
168199
993963
391965
239864
697739
330282
160316
177009
756204
987156
123395
330442
814818
497727
42951
208386
389715
117546
851610
52064
958010
69233
505388
722079
590141
544191
704224
59482
462066
492669
605136
101796
609070
5780
950428
276189
271203
700832
426247
793266
508978
806734
33520
424723
847450
811839
573674
30544
69578
866349
180282
557160
262728
446491
103282
705092
311875
194809
153618
535088
212354
766641
318319
722503
68174
582774
481164
863549
482265
94549
606960
785042
35327
984519
681934
707557
605930
817550
481177
202344
340814
547924
973240
550816
60601
724506
378389
490750
406039
757471
304168
943254
415202
464778
564885
712710
191586
241700
605413
252911
476997
467736
458646
169064
598244
675883
551635
944553
947879
552609
805033
923948
674179
798776
25085
601924
103138
277026
99385
364628
544762
891212
773015
655744
704868
658278
404629
529282
732901
594771
316149
758657
227509
228024
652082
287832
80460
120657
642754
340240
876867
43840
517596
163389
952368
890431
893569
375549
206171
947219
433266
148720
697412
467216
891905
877555
554325
193557
490070
757197
829666
950454
682924
152026
127108
133350
578700
721618
909960
211377
751704
361887
104138
506353
157486
351
906720
426465
309998
796861
183229
761171
353868
35885
474229
532318
166820
284018
527001
940607
87098
470074
5964
100441
308301
434292
595194
846899
330135
358351
692169
721990
424425
193104
42580
68804
434471
593021
209813
122827
586986
707047
507094
830525
553521
29651
113390
810467
598510
78502
778467
13413
125325
203899
32972
331420
647823
158342
170177
823915
279372
808566
557616
795188
150705
86084
371889
187342
657010
872101
105565
365270
543563
638170
75097
30523
65396
800495
36554
215173
752315
365614
836750
840681
722984
571204
277991
338029
318942
437862
50191
409037
437786
977824
27430
890268
561107
22417
313445
930184
221181
475078
376526
258749
236959
515225
189515
360560
375025
581487
912524
987269
191919
122202
334838
830693
966104
152886
483526
44734
967102
68153
525276
987842
779605
402950
389288
435178
547191
408774
341182
779829
489043
289341
372792
434267
298521
444295
279257
671818
518197
917463
33487
288566
700524
431929
178285
191269
769365
417850
623261
439667
974257
335071
87688
688221
604310
469915
120761
43270
359955
420845
376886
591466
399329
885156
803200
580561
245809
702282
456022
864000
833927
537115
587340
702304
502267
677082
234513
212794
915266
500333
386635
953474
928513
505510
311443
862795
913283
235480
513704
712750
771722
143177
24041
111968
892630
477093
744832
159892
705610
489693
52126
884191
383764
811130
156611
815661
405606
976515
636486
431378
849050
940027
404260
763874
522265
481812
143432
9553
603584
679671
6254
327479
719202
603986
1234
994590
912376
245178
49937
459766
718353
272686
608181
730400
747190
977669
799214
643326
998352
698890
502219
549266
801738
603906
993318
936199
827393
850021
564321
859230
231021
618742
860267
982526
152490
392543
91682
926522
508297
324227
361846
788502
829011
474875
303889
763684
679359
921648
937587
736136
154120
751064
973244
859538
583291
819529
562892
274482
676840
261224
242967
572121
391743
974074
867501
478910
766816
131805
296271
607582
461045
188707
285175
545435
681694
492536
963581
282752
802210
448565
294788
707831
557357
955897
345134
304590
433758
931979
296184
99049
799737
696148
109124
277636
30726
344397
257481
17998
665264
417454
710368
300466
976062
794292
555703
246768
963489
511406
569188
877277
805957
975287
907084
219660
859687
745043
659635
501431
14192
147747
490954
376370
944358
406336
520960
964579
954515
495971
820238
67709
638267
360469
396067
927319
191125
286992
607608
474342
798052
908554
814860
782916
246448
658069
911062
733602
829519
280946
50198
282319
257844
136288
802840
694732
69767
141188
948086
1457
10867
158984
327410
783918
976445
245275
719436
134875
124098
15643
741828
553734
473831
734102
328566
440971
216521
150334
971322
75180
127015
594900
462636
496144
348140
514470
480854
17164
716002
962858
342717
46945
245740
825133
7248
990170
388819
427870
947297
143351
693868
446806
764058
703010
741585
158707
712132
423714
110896
654427
494467
925457
337969
341011
531127
807076
956302
224411
452483
72202
846696
627043
131426
621509
725543
233484
313345
756922
253106
429985
733587
541041
9691
185682
922038
360135
393354
68826
228143
169846
323280
711286
362604
72652
198
427178
299102
106299
375473
432904
48534
168124
470564
330813
256832
854704
845814
548589
625713
270923
148011
697006
265534
879402
672982
775067
645255
424366
535240
148207
686815
871387
607769
10819
426539
417482
525130
778797
545786
707987
98743
827858
251047
328145
807149
290153
380808
440323
798133
161927
246174
85010
227496
928867
866695
718617
697987
510497
245333
865656
148239
933786
916877
457686
942034
535148
174243
94888
895506
76226
795100
629460
307932
392180
588051
163253
241736
964606
72507
377708
758044
238527
593722
816262
884400
860403
278043
600211
251872
707325
615285
438851
217545
825949
338584
33047
932605
126998
571292
377375
814524
730460
234894
629293
83744
477464
564162
171786
927564
511528
917165
445723
56789
811318
415260
203567
37283
418516
374319
918208
642994
396232
329146
428402
331889
421162
732721
623673
855439
493829
747654
824512
708491
812086
843989
497918
841542
15101
302597
247809
755018
832372
128647
81821
944734
932632
288583
627610
485312
41585
918814
790749
742905
19478
785584
838366
555754
677704
387802
361169
266982
616312
513539
797994
483575
247457
368388
826947
463727
888802
143454
573746
858629
553215
142463
817537
961249
844241
908425
122338
719162
109083
296487
233913
311857
398360
312557
425657
152582
814428
353891
519072
73753
608127
573101
295372
422731
840072
282832
363101
889416
855078
467678
697678
870951
438189
540703
442776
517337
435037
891806
19983
965939
667329
303357
5625
597374
197281
246454
879154
597417
528522
203876
233227
256580
967135
941720
837587
632378
631152
284338
461519
366675
476528
791550
317532
347508
859300
932899
29252
622212
82909
830495
37431
440124
150905
619427
172975
206478
524809
493568
148323
485255
984633
394709
383
226464
489770
593840
691137
604416
261477
665588
271116
283448
66730
241574
92948
586564
639776
109515
33786
295038
323625
154845
993133
755544
640906
650053
414980
898982
773249
828279
624157
683088
379971
243465
774150
4175
132370
85397
548573
477653
481781
11588
140507
324704
893860
897606
180784
832648